0.712
0.672
0.72
0.664
0.744
0.68
0.744
0.72
0.752
0.72
0.656
0.688
0.624
0.648
0.688
0.672
0.624
0.656
0.696
0.632
0.648
0.656
0.688
0.672
0.688
0.688
0.688
0.664
0.696
0.656
0.72
0.696
0.76
0.736
0.728
0.704
0.704
0.736
0.736
0.648
0.616
0.616
0.624
0.648
0.68
0.616
0.64
0.56
0.616
0.64
0.76
0.744
0.672
0.76
0.728
0.672
0.736
0.664
0.76
0.664
0.56
0.696
0.72
0.648
0.664
0.624
0.68
0.704
0.664
0.656
0.672
0.608
0.712
0.552
0.6
0.552
0.672
0.584
0.64
0.632
0.704
0.632
0.712
0.664
0.632
0.672
0.728
0.664
0.672
0.64
0.656
0.656
0.648
0.712
0.72
0.72
0.664
0.704
0.736
0.704
--------------0.736
0.688
0.784
0.736
0.784
0.752
0.76
0.76
0.76
0.768
0.68
0.728
0.64
0.672
0.704
0.704
0.664
0.704
0.704
0.688
0.776
0.76
0.728
0.712
0.768
0.688
0.744
0.664
0.728
0.696
0.768
0.76
0.816
0.76
0.824
0.76
0.76
0.768
0.768
0.728
0.68
0.744
0.68
0.704
0.704
0.656
0.664
0.68
0.696
0.712
0.752
0.72
0.704
0.752
0.744
0.704
0.784
0.728
0.808
0.704
0.648
0.776
0.728
0.712
0.72
0.672
0.68
0.744
0.68
0.728
0.672
0.608
0.72
0.584
0.64
0.576
0.656
0.632
0.664
0.656
0.768
0.68
0.696
0.68
0.72
0.712
0.792
0.656
0.712
0.608
0.736
0.72
0.712
0.776
0.768
0.744
0.704
0.72
0.784
0.72
--------------0.752
0.704
0.776
0.72
0.768
0.752
0.744
0.736
0.768
0.768
0.656
0.696
0.616
0.64
0.68
0.664
0.616
0.656
0.672
0.672
0.712
0.736
0.728
0.728
0.728
0.672
0.72
0.704
0.744
0.704
0.784
0.768
0.792
0.8
0.816
0.768
0.736
0.76
0.784
0.696
0.672
0.712
0.64
0.712
0.736
0.664
0.672
0.704
0.688
0.72
0.768
0.704
0.72
0.752
0.768
0.688
0.752
0.688
0.84
0.696
0.656
0.744
0.752
0.704
0.72
0.648
0.712
0.76
0.696
0.728
0.688
0.56
0.744
0.576
0.592
0.552
0.648
0.616
0.656
0.656
0.704
0.664
0.712
0.704
0.648
0.72
0.768
0.64
0.72
0.616
0.736
0.712
0.72
0.752
0.768
0.736
0.704
0.728
0.76
0.728
--------------tensor(0.6752, dtype=torch.float64)
tensor(0.7162, dtype=torch.float64)
tensor(0.7088, dtype=torch.float64)
