0.864
0.856
0.848
0.816
0.84
0.84
0.88
0.84
0.744
0.84
0.792
0.792
0.76
0.8
0.784
0.76
0.824
0.824
0.784
0.76
0.776
0.824
0.728
0.736
0.744
0.792
0.784
0.752
0.776
0.776
0.816
0.824
0.792
0.8
0.856
0.768
0.856
0.84
0.84
0.808
0.816
0.824
0.848
0.824
0.888
0.896
0.904
0.896
0.848
0.856
0.856
0.824
0.84
0.808
0.784
0.888
0.856
0.84
0.792
0.8
0.768
0.8
0.824
0.784
0.784
0.768
0.84
0.824
0.712
0.784
0.816
0.824
0.824
0.8
0.84
0.872
0.784
0.792
0.808
0.856
0.84
0.84
0.872
0.816
0.824
0.832
0.832
0.824
0.864
0.864
0.816
0.776
0.824
0.864
0.792
0.8
0.792
0.832
0.832
0.8
--------------0.84
0.896
0.88
0.848
0.864
0.824
0.88
0.848
0.816
0.84
0.808
0.848
0.776
0.84
0.816
0.816
0.848
0.848
0.84
0.792
0.792
0.848
0.752
0.792
0.792
0.8
0.832
0.784
0.76
0.776
0.856
0.856
0.832
0.872
0.864
0.856
0.864
0.8
0.848
0.832
0.872
0.88
0.904
0.856
0.872
0.904
0.928
0.928
0.872
0.864
0.888
0.832
0.864
0.872
0.824
0.904
0.832
0.84
0.8
0.832
0.832
0.808
0.832
0.792
0.792
0.8
0.84
0.864
0.752
0.84
0.848
0.904
0.888
0.88
0.872
0.904
0.848
0.88
0.832
0.88
0.824
0.864
0.912
0.848
0.872
0.856
0.848
0.856
0.896
0.888
0.848
0.832
0.92
0.92
0.832
0.872
0.832
0.888
0.864
0.864
--------------0.864
0.88
0.88
0.832
0.896
0.856
0.928
0.856
0.816
0.832
0.824
0.848
0.808
0.84
0.84
0.8
0.856
0.856
0.84
0.808
0.752
0.848
0.752
0.784
0.824
0.8
0.8
0.768
0.76
0.776
0.816
0.824
0.808
0.856
0.856
0.832
0.864
0.816
0.864
0.808
0.864
0.896
0.888
0.832
0.904
0.904
0.92
0.904
0.88
0.896
0.888
0.816
0.848
0.864
0.776
0.912
0.864
0.824
0.816
0.848
0.816
0.8
0.832
0.784
0.8
0.8
0.864
0.84
0.728
0.84
0.856
0.912
0.888
0.896
0.872
0.912
0.848
0.856
0.856
0.896
0.824
0.848
0.864
0.84
0.88
0.848
0.824
0.848
0.896
0.872
0.824
0.832
0.888
0.896
0.792
0.88
0.824
0.864
0.848
0.856
--------------tensor(0.8166, dtype=torch.float64)
tensor(0.8477, dtype=torch.float64)
tensor(0.8446, dtype=torch.float64)
