0.744
0.664
0.704
0.784
0.696
0.68
0.696
0.752
0.704
0.768
0.848
0.864
0.832
0.808
0.872
0.888
0.864
0.856
0.912
0.856
0.832
0.8
0.808
0.752
0.784
0.824
0.8
0.824
0.8
0.8
0.832
0.8
0.808
0.824
0.816
0.832
0.832
0.808
0.824
0.808
0.928
0.84
0.944
0.888
0.896
0.904
0.888
0.928
0.936
0.896
0.856
0.8
0.776
0.776
0.816
0.824
0.784
0.768
0.776
0.776
0.824
0.8
0.776
0.808
0.848
0.736
0.872
0.888
0.832
0.84
0.872
0.816
0.84
0.888
0.888
0.88
0.896
0.856
0.832
0.872
0.72
0.744
0.776
0.688
0.808
0.752
0.744
0.784
0.768
0.768
0.84
0.856
0.8
0.856
0.808
0.824
0.76
0.88
0.816
0.832
--------------0.824
0.784
0.76
0.832
0.744
0.792
0.752
0.784
0.736
0.808
0.824
0.816
0.856
0.824
0.864
0.888
0.848
0.872
0.92
0.864
0.8
0.808
0.832
0.776
0.792
0.808
0.856
0.816
0.8
0.8
0.816
0.824
0.816
0.816
0.808
0.808
0.824
0.808
0.856
0.792
0.912
0.864
0.912
0.896
0.912
0.912
0.896
0.92
0.92
0.88
0.848
0.864
0.824
0.816
0.848
0.816
0.816
0.848
0.8
0.832
0.808
0.832
0.816
0.848
0.872
0.8
0.92
0.896
0.88
0.88
0.896
0.848
0.872
0.904
0.896
0.888
0.896
0.904
0.88
0.92
0.72
0.784
0.76
0.696
0.768
0.808
0.76
0.808
0.768
0.784
0.856
0.848
0.824
0.848
0.816
0.864
0.8
0.912
0.832
0.856
--------------0.816
0.752
0.752
0.8
0.736
0.736
0.744
0.776
0.744
0.808
0.824
0.856
0.872
0.792
0.872
0.896
0.88
0.864
0.92
0.856
0.816
0.824
0.824
0.768
0.816
0.8
0.848
0.792
0.808
0.816
0.816
0.808
0.808
0.816
0.768
0.792
0.816
0.816
0.832
0.792
0.888
0.856
0.912
0.904
0.888
0.92
0.888
0.904
0.92
0.888
0.872
0.824
0.8
0.784
0.856
0.824
0.792
0.832
0.792
0.816
0.808
0.816
0.8
0.856
0.872
0.768
0.896
0.936
0.864
0.872
0.912
0.856
0.872
0.896
0.912
0.888
0.896
0.88
0.856
0.912
0.736
0.776
0.76
0.712
0.8
0.76
0.744
0.784
0.744
0.76
0.848
0.84
0.824
0.848
0.8
0.84
0.8
0.904
0.808
0.872
--------------tensor(0.8169, dtype=torch.float64)
tensor(0.8355, dtype=torch.float64)
tensor(0.8296, dtype=torch.float64)
