0.824
0.832
0.824
0.784
0.8
0.704
0.84
0.776
0.8
0.84
0.752
0.744
0.728
0.72
0.704
0.656
0.712
0.672
0.72
0.76
0.816
0.752
0.768
0.792
0.816
0.824
0.808
0.792
0.824
0.824
0.824
0.736
0.808
0.784
0.784
0.848
0.784
0.776
0.736
0.752
0.92
0.888
0.904
0.944
0.92
0.88
0.864
0.888
0.88
0.912
0.696
0.672
0.72
0.776
0.776
0.72
0.736
0.72
0.72
0.808
0.864
0.888
0.888
0.888
0.88
0.896
0.88
0.896
0.84
0.84
0.696
0.76
0.752
0.728
0.688
0.64
0.664
0.696
0.696
0.68
0.712
0.72
0.784
0.608
0.72
0.784
0.704
0.768
0.744
0.688
0.864
0.848
0.848
0.808
0.856
0.856
0.824
0.824
0.776
0.808
--------------0.856
0.848
0.832
0.832
0.864
0.76
0.824
0.824
0.816
0.888
0.736
0.768
0.744
0.712
0.688
0.688
0.712
0.672
0.744
0.736
0.92
0.872
0.872
0.896
0.896
0.896
0.896
0.896
0.912
0.928
0.888
0.776
0.832
0.792
0.8
0.856
0.8
0.832
0.76
0.792
0.952
0.904
0.928
0.952
0.928
0.928
0.896
0.912
0.912
0.928
0.768
0.744
0.776
0.8
0.824
0.784
0.8
0.776
0.776
0.872
0.848
0.88
0.872
0.848
0.864
0.88
0.896
0.88
0.84
0.816
0.744
0.792
0.776
0.792
0.744
0.736
0.76
0.736
0.784
0.736
0.824
0.824
0.864
0.784
0.832
0.896
0.816
0.856
0.848
0.856
0.816
0.84
0.824
0.784
0.856
0.816
0.784
0.808
0.768
0.816
--------------0.856
0.872
0.864
0.824
0.848
0.736
0.832
0.84
0.824
0.88
0.744
0.752
0.744
0.696
0.728
0.68
0.704
0.68
0.72
0.744
0.904
0.856
0.832
0.84
0.912
0.872
0.88
0.88
0.888
0.904
0.848
0.76
0.816
0.808
0.824
0.864
0.808
0.816
0.792
0.776
0.92
0.928
0.92
0.952
0.92
0.92
0.88
0.912
0.912
0.904
0.752
0.752
0.768
0.776
0.84
0.752
0.76
0.76
0.776
0.84
0.848
0.872
0.872
0.88
0.872
0.88
0.888
0.856
0.832
0.832
0.768
0.808
0.792
0.776
0.776
0.728
0.744
0.728
0.784
0.72
0.816
0.832
0.856
0.768
0.832
0.92
0.8
0.832
0.808
0.84
0.824
0.824
0.848
0.8
0.848
0.808
0.8
0.792
0.784
0.8
--------------tensor(0.7869, dtype=torch.float64)
tensor(0.8255, dtype=torch.float64)
tensor(0.8208, dtype=torch.float64)
