0.92
0.944
0.896
0.888
0.904
0.92
0.888
0.88
0.872
0.872
0.92
0.864
0.904
0.888
0.944
0.912
0.912
0.888
0.928
0.928
0.872
0.872
0.904
0.856
0.88
0.888
0.856
0.84
0.864
0.888
0.896
0.776
0.904
0.856
0.832
0.848
0.88
0.896
0.848
0.832
0.84
0.872
0.888
0.856
0.816
0.84
0.832
0.816
0.888
0.832
0.816
0.792
0.712
0.824
0.8
0.8
0.816
0.768
0.824
0.752
0.832
0.832
0.84
0.896
0.856
0.848
0.864
0.88
0.896
0.832
0.752
0.752
0.784
0.784
0.752
0.776
0.744
0.752
0.768
0.792
0.648
0.728
0.712
0.752
0.704
0.712
0.712
0.712
0.76
0.696
0.904
0.856
0.872
0.872
0.912
0.824
0.872
0.848
0.864
0.904
--------------0.88
0.944
0.896
0.88
0.904
0.912
0.904
0.888
0.888
0.88
0.936
0.912
0.928
0.976
0.968
0.944
0.92
0.936
0.96
0.944
0.888
0.872
0.92
0.872
0.912
0.904
0.864
0.872
0.88
0.904
0.904
0.84
0.896
0.896
0.84
0.88
0.92
0.912
0.888
0.856
0.888
0.904
0.904
0.856
0.872
0.864
0.856
0.864
0.912
0.872
0.8
0.8
0.752
0.856
0.8
0.776
0.76
0.784
0.8
0.752
0.848
0.84
0.88
0.912
0.88
0.848
0.88
0.864
0.912
0.848
0.792
0.8
0.808
0.792
0.808
0.832
0.84
0.824
0.816
0.84
0.656
0.76
0.736
0.8
0.752
0.768
0.784
0.728
0.776
0.744
0.92
0.848
0.888
0.88
0.896
0.84
0.864
0.848
0.88
0.864
--------------0.92
0.912
0.896
0.896
0.912
0.928
0.888
0.88
0.888
0.88
0.944
0.888
0.912
0.96
0.96
0.944
0.912
0.928
0.928
0.936
0.896
0.888
0.92
0.848
0.912
0.888
0.88
0.872
0.864
0.904
0.88
0.824
0.904
0.872
0.824
0.856
0.912
0.912
0.896
0.872
0.912
0.904
0.896
0.904
0.848
0.864
0.864
0.88
0.904
0.872
0.824
0.8
0.736
0.832
0.784
0.784
0.776
0.792
0.816
0.752
0.84
0.824
0.856
0.888
0.848
0.848
0.848
0.872
0.92
0.84
0.752
0.8
0.792
0.8
0.784
0.84
0.84
0.792
0.792
0.84
0.664
0.76
0.712
0.768
0.744
0.728
0.744
0.728
0.8
0.72
0.896
0.84
0.872
0.904
0.896
0.856
0.848
0.84
0.864
0.896
--------------tensor(0.8384, dtype=torch.float64)
tensor(0.8589, dtype=torch.float64)
tensor(0.8538, dtype=torch.float64)
