0.792
0.8
0.84
0.728
0.808
0.824
0.76
0.816
0.784
0.792
0.56
0.528
0.472
0.576
0.44
0.544
0.52
0.512
0.52
0.48
0.768
0.776
0.704
0.776
0.72
0.76
0.784
0.768
0.784
0.688
0.824
0.784
0.776
0.784
0.776
0.776
0.8
0.792
0.808
0.784
0.856
0.864
0.8
0.88
0.8
0.824
0.8
0.856
0.824
0.864
0.584
0.608
0.592
0.584
0.664
0.624
0.552
0.616
0.624
0.648
0.816
0.808
0.832
0.784
0.768
0.8
0.752
0.776
0.8
0.792
0.672
0.696
0.656
0.696
0.704
0.72
0.68
0.68
0.64
0.712
0.656
0.664
0.736
0.664
0.656
0.664
0.712
0.72
0.664
0.664
0.784
0.76
0.784
0.768
0.784
0.784
0.784
0.776
0.776
0.752
--------------0.808
0.84
0.808
0.752
0.872
0.84
0.792
0.792
0.776
0.824
0.664
0.592
0.584
0.632
0.552
0.624
0.592
0.6
0.696
0.592
0.808
0.832
0.8
0.8
0.784
0.84
0.848
0.856
0.808
0.8
0.8
0.848
0.792
0.784
0.824
0.816
0.792
0.8
0.816
0.8
0.912
0.888
0.864
0.928
0.856
0.872
0.864
0.896
0.904
0.912
0.696
0.704
0.688
0.6
0.736
0.688
0.688
0.68
0.704
0.68
0.808
0.848
0.832
0.816
0.8
0.776
0.816
0.792
0.84
0.816
0.696
0.712
0.656
0.648
0.712
0.736
0.672
0.664
0.648
0.688
0.72
0.72
0.72
0.696
0.688
0.696
0.696
0.76
0.704
0.672
0.792
0.776
0.792
0.8
0.8
0.816
0.816
0.776
0.776
0.776
--------------0.848
0.856
0.848
0.76
0.872
0.84
0.808
0.816
0.736
0.808
0.64
0.592
0.552
0.664
0.52
0.616
0.6
0.584
0.672
0.544
0.792
0.792
0.76
0.808
0.792
0.832
0.84
0.856
0.832
0.768
0.832
0.824
0.816
0.8
0.816
0.8
0.808
0.808
0.808
0.8
0.904
0.904
0.872
0.952
0.856
0.888
0.856
0.912
0.912
0.92
0.68
0.68
0.696
0.688
0.736
0.72
0.664
0.68
0.696
0.704
0.816
0.856
0.824
0.8
0.784
0.808
0.816
0.824
0.832
0.824
0.696
0.696
0.664
0.664
0.704
0.728
0.672
0.664
0.64
0.696
0.688
0.72
0.736
0.664
0.656
0.664
0.688
0.736
0.712
0.672
0.784
0.776
0.784
0.784
0.784
0.808
0.792
0.8
0.776
0.768
--------------tensor(0.7233, dtype=torch.float64)
tensor(0.7621, dtype=torch.float64)
tensor(0.7608, dtype=torch.float64)
