0.864
0.864
0.824
0.904
0.784
0.8
0.832
0.864
0.896
0.88
0.848
0.832
0.744
0.832
0.848
0.832
0.84
0.848
0.904
0.816
0.896
0.824
0.864
0.84
0.816
0.928
0.888
0.84
0.872
0.832
0.848
0.792
0.808
0.832
0.736
0.768
0.808
0.84
0.864
0.768
0.792
0.832
0.8
0.816
0.8
0.8
0.88
0.832
0.84
0.832
0.864
0.92
0.84
0.904
0.856
0.864
0.864
0.88
0.904
0.88
0.816
0.84
0.84
0.896
0.864
0.848
0.848
0.84
0.84
0.864
0.856
0.856
0.84
0.88
0.864
0.824
0.904
0.888
0.84
0.84
0.888
0.904
0.88
0.848
0.912
0.896
0.832
0.88
0.84
0.864
0.904
0.872
0.944
0.856
0.904
0.888
0.888
0.904
0.848
0.864
--------------0.88
0.832
0.84
0.904
0.824
0.792
0.848
0.872
0.896
0.888
0.856
0.792
0.784
0.832
0.864
0.864
0.856
0.84
0.88
0.816
0.88
0.888
0.904
0.88
0.864
0.912
0.912
0.896
0.92
0.88
0.824
0.808
0.848
0.84
0.792
0.776
0.816
0.84
0.864
0.816
0.792
0.856
0.8
0.816
0.824
0.776
0.88
0.848
0.832
0.832
0.888
0.912
0.872
0.888
0.896
0.896
0.912
0.88
0.944
0.92
0.832
0.832
0.824
0.864
0.856
0.824
0.832
0.856
0.808
0.88
0.848
0.84
0.84
0.88
0.88
0.848
0.928
0.864
0.888
0.848
0.88
0.92
0.912
0.848
0.92
0.936
0.896
0.888
0.888
0.896
0.888
0.896
0.936
0.864
0.92
0.912
0.896
0.912
0.896
0.888
--------------0.856
0.856
0.824
0.92
0.808
0.808
0.824
0.864
0.92
0.896
0.84
0.824
0.776
0.848
0.84
0.856
0.864
0.848
0.888
0.824
0.88
0.864
0.904
0.864
0.84
0.896
0.888
0.872
0.904
0.88
0.856
0.808
0.824
0.848
0.744
0.784
0.824
0.848
0.88
0.784
0.8
0.848
0.816
0.824
0.832
0.8
0.872
0.832
0.832
0.808
0.888
0.928
0.84
0.88
0.888
0.904
0.88
0.896
0.936
0.904
0.816
0.824
0.8
0.872
0.88
0.824
0.848
0.864
0.824
0.872
0.864
0.84
0.856
0.88
0.88
0.848
0.92
0.88
0.88
0.832
0.888
0.912
0.904
0.832
0.936
0.928
0.88
0.912
0.888
0.888
0.912
0.904
0.928
0.88
0.904
0.912
0.896
0.904
0.872
0.88
--------------tensor(0.8522, dtype=torch.float64)
tensor(0.8645, dtype=torch.float64)
tensor(0.8625, dtype=torch.float64)
