0.744
0.688
0.696
0.656
0.752
0.728
0.76
0.696
0.728
0.72
0.752
0.832
0.84
0.8
0.848
0.816
0.808
0.776
0.808
0.824
0.616
0.648
0.552
0.64
0.656
0.616
0.576
0.592
0.528
0.632
0.744
0.728
0.768
0.64
0.784
0.792
0.8
0.792
0.784
0.76
0.704
0.696
0.712
0.712
0.744
0.688
0.736
0.68
0.704
0.712
0.84
0.84
0.88
0.808
0.808
0.808
0.848
0.84
0.8
0.816
0.576
0.632
0.592
0.584
0.632
0.576
0.592
0.648
0.6
0.56
0.76
0.696
0.616
0.672
0.728
0.664
0.752
0.696
0.688
0.616
0.704
0.672
0.688
0.688
0.68
0.64
0.648
0.728
0.696
0.664
0.736
0.728
0.712
0.752
0.776
0.744
0.72
0.72
0.688
0.792
--------------0.76
0.704
0.688
0.648
0.72
0.752
0.76
0.688
0.688
0.736
0.76
0.816
0.824
0.824
0.872
0.84
0.84
0.752
0.832
0.856
0.6
0.6
0.584
0.608
0.656
0.608
0.584
0.6
0.544
0.632
0.776
0.736
0.784
0.712
0.792
0.792
0.848
0.8
0.792
0.76
0.696
0.664
0.696
0.744
0.752
0.728
0.752
0.712
0.712
0.744
0.848
0.832
0.872
0.84
0.832
0.776
0.792
0.816
0.768
0.832
0.648
0.616
0.648
0.6
0.64
0.576
0.6
0.656
0.608
0.568
0.792
0.728
0.72
0.712
0.752
0.712
0.792
0.752
0.768
0.704
0.672
0.696
0.728
0.704
0.656
0.648
0.656
0.672
0.648
0.68
0.784
0.8
0.744
0.752
0.776
0.776
0.76
0.776
0.696
0.84
--------------0.736
0.696
0.704
0.68
0.736
0.752
0.768
0.688
0.704
0.752
0.76
0.84
0.848
0.824
0.848
0.84
0.824
0.768
0.816
0.872
0.6
0.616
0.552
0.624
0.656
0.616
0.584
0.592
0.544
0.64
0.76
0.752
0.776
0.688
0.784
0.792
0.832
0.792
0.808
0.776
0.696
0.688
0.72
0.736
0.76
0.72
0.768
0.696
0.736
0.728
0.856
0.856
0.912
0.832
0.824
0.776
0.84
0.84
0.784
0.832
0.616
0.648
0.608
0.576
0.648
0.576
0.584
0.664
0.616
0.56
0.8
0.704
0.688
0.712
0.736
0.696
0.784
0.752
0.76
0.696
0.696
0.712
0.736
0.72
0.696
0.672
0.672
0.72
0.664
0.672
0.776
0.816
0.784
0.792
0.792
0.8
0.768
0.8
0.752
0.816
--------------tensor(0.7135, dtype=torch.float64)
tensor(0.7263, dtype=torch.float64)
tensor(0.7312, dtype=torch.float64)
