0.688
0.712
0.696
0.704
0.784
0.696
0.736
0.76
0.688
0.784
0.776
0.736
0.784
0.752
0.816
0.728
0.776
0.728
0.792
0.744
0.736
0.776
0.768
0.792
0.784
0.8
0.8
0.72
0.808
0.808
0.792
0.784
0.752
0.76
0.736
0.8
0.808
0.816
0.776
0.816
0.824
0.912
0.896
0.856
0.832
0.88
0.872
0.896
0.872
0.928
--------------0.752
0.744
0.76
0.736
0.832
0.72
0.744
0.776
0.736
0.832
0.72
0.68
0.76
0.632
0.752
0.672
0.72
0.664
0.744
0.72
0.848
0.84
0.848
0.88
0.856
0.864
0.856
0.776
0.848
0.88
0.808
0.808
0.848
0.784
0.824
0.84
0.888
0.872
0.8
0.8
0.848
0.88
0.888
0.856
0.872
0.856
0.832
0.88
0.88
0.92
--------------0.712
0.76
0.712
0.712
0.792
0.736
0.744
0.784
0.688
0.824
0.712
0.688
0.752
0.68
0.752
0.664
0.728
0.656
0.744
0.728
0.832
0.816
0.848
0.848
0.848
0.84
0.84
0.76
0.832
0.848
0.808
0.744
0.776
0.728
0.744
0.808
0.8
0.84
0.776
0.792
0.856
0.912
0.904
0.864
0.88
0.864
0.872
0.88
0.88
0.928
--------------tensor(0.7856, dtype=torch.float64)
tensor(0.8035, dtype=torch.float64)
tensor(0.7907, dtype=torch.float64)
