0.736
0.76
0.712
0.704
0.76
0.768
0.728
0.696
0.736
0.736
0.672
0.672
0.664
0.744
0.584
0.68
0.624
0.712
0.712
0.592
0.736
0.728
0.712
0.728
0.76
0.72
0.712
0.712
0.752
0.752
0.696
0.728
0.76
0.712
0.728
0.792
0.768
0.76
0.712
0.784
0.8
0.888
0.832
0.816
0.904
0.88
0.832
0.856
0.832
0.872
--------------0.744
0.72
0.736
0.712
0.784
0.72
0.696
0.672
0.744
0.704
0.72
0.712
0.712
0.776
0.624
0.744
0.688
0.736
0.72
0.648
0.712
0.712
0.688
0.736
0.744
0.68
0.72
0.736
0.76
0.784
0.712
0.768
0.776
0.752
0.728
0.8
0.768
0.776
0.728
0.768
0.832
0.928
0.84
0.824
0.928
0.864
0.872
0.872
0.872
0.904
--------------0.696
0.72
0.688
0.696
0.744
0.72
0.672
0.664
0.712
0.688
0.664
0.696
0.688
0.736
0.584
0.704
0.64
0.704
0.712
0.616
0.728
0.712
0.704
0.752
0.768
0.72
0.736
0.744
0.752
0.776
0.736
0.752
0.752
0.72
0.72
0.792
0.76
0.768
0.728
0.784
0.84
0.904
0.856
0.84
0.944
0.888
0.88
0.872
0.872
0.896
--------------tensor(0.7451, dtype=torch.float64)
tensor(0.7579, dtype=torch.float64)
tensor(0.7488, dtype=torch.float64)
