0.84
0.864
0.808
0.816
0.792
0.848
0.8
0.704
0.864
0.84
0.888
0.896
0.848
0.864
0.88
0.824
0.848
0.792
0.84
0.84
0.912
0.904
0.888
0.904
0.896
0.928
0.92
0.872
0.88
0.856
0.912
0.904
0.888
0.872
0.896
0.904
0.88
0.92
0.928
0.88
0.928
0.88
0.88
0.888
0.88
0.92
0.832
0.912
0.872
0.88
--------------0.88
0.8
0.784
0.792
0.8
0.816
0.8
0.72
0.832
0.816
0.856
0.896
0.848
0.912
0.896
0.832
0.848
0.784
0.84
0.816
0.936
0.904
0.888
0.896
0.912
0.912
0.936
0.872
0.896
0.888
0.896
0.872
0.872
0.856
0.864
0.88
0.872
0.88
0.912
0.856
0.952
0.872
0.896
0.928
0.92
0.896
0.904
0.96
0.896
0.928
--------------0.856
0.856
0.768
0.816
0.808
0.832
0.768
0.696
0.832
0.832
0.872
0.888
0.864
0.904
0.872
0.824
0.832
0.744
0.832
0.824
0.92
0.936
0.888
0.92
0.944
0.936
0.944
0.856
0.888
0.872
0.888
0.904
0.88
0.856
0.88
0.872
0.88
0.88
0.904
0.856
0.96
0.904
0.896
0.928
0.928
0.936
0.888
0.928
0.904
0.936
--------------tensor(0.8702, dtype=torch.float64)
tensor(0.8704, dtype=torch.float64)
tensor(0.8726, dtype=torch.float64)
