0.768
0.816
0.848
0.784
0.816
0.792
0.888
0.736
0.728
0.824
0.888
0.824
0.904
0.888
0.936
0.88
0.872
0.856
0.88
0.904
0.752
0.808
0.72
0.768
0.728
0.648
0.688
0.712
0.76
0.752
0.792
0.824
0.792
0.8
0.792
0.792
0.856
0.808
0.832
0.856
0.912
0.888
0.912
0.888
0.912
0.928
0.936
0.904
0.904
0.888
0.776
0.816
0.856
0.792
0.792
0.8
0.808
0.816
0.8
0.784
0.76
0.808
0.752
0.904
0.784
0.776
0.792
0.8
0.76
0.8
0.856
0.888
0.88
0.84
0.824
0.88
0.856
0.872
0.856
0.872
0.816
0.824
0.856
0.704
0.76
0.816
0.776
0.84
0.776
0.808
0.848
0.784
0.832
0.744
0.8
0.768
0.776
0.872
0.784
0.776
--------------0.832
0.84
0.872
0.848
0.864
0.848
0.928
0.808
0.768
0.896
0.88
0.856
0.912
0.92
0.904
0.912
0.88
0.896
0.92
0.92
0.728
0.808
0.752
0.792
0.744
0.728
0.704
0.752
0.8
0.792
0.832
0.792
0.808
0.8
0.848
0.816
0.88
0.8
0.856
0.832
0.936
0.904
0.888
0.896
0.952
0.936
0.952
0.912
0.92
0.92
0.808
0.84
0.888
0.848
0.824
0.848
0.856
0.888
0.816
0.848
0.776
0.808
0.776
0.904
0.8
0.784
0.808
0.84
0.768
0.8
0.904
0.896
0.888
0.856
0.832
0.904
0.88
0.856
0.904
0.896
0.84
0.896
0.888
0.792
0.824
0.84
0.864
0.856
0.824
0.864
0.856
0.816
0.864
0.808
0.824
0.776
0.784
0.88
0.792
0.792
--------------0.808
0.816
0.872
0.832
0.864
0.872
0.928
0.792
0.792
0.88
0.912
0.864
0.912
0.912
0.912
0.912
0.928
0.904
0.896
0.928
0.752
0.832
0.752
0.808
0.728
0.664
0.712
0.76
0.792
0.752
0.84
0.808
0.8
0.816
0.808
0.816
0.88
0.824
0.872
0.864
0.96
0.928
0.904
0.912
0.92
0.928
0.952
0.912
0.92
0.896
0.8
0.848
0.864
0.848
0.824
0.84
0.84
0.888
0.824
0.824
0.776
0.824
0.752
0.912
0.816
0.784
0.824
0.864
0.776
0.768
0.888
0.88
0.88
0.88
0.832
0.912
0.88
0.872
0.888
0.888
0.848
0.896
0.888
0.784
0.832
0.824
0.872
0.864
0.84
0.832
0.872
0.816
0.864
0.784
0.856
0.8
0.784
0.88
0.792
0.776
--------------tensor(0.8194, dtype=torch.float64)
tensor(0.8461, dtype=torch.float64)
tensor(0.8465, dtype=torch.float64)
