0.856
0.824
0.8
0.8
0.816
0.832
0.792
0.696
0.84
0.848
0.872
0.888
0.84
0.872
0.872
0.872
0.84
0.8
0.864
0.84
0.896
0.896
0.888
0.88
0.912
0.912
0.936
0.904
0.88
0.856
0.88
0.888
0.872
0.864
0.872
0.864
0.856
0.936
0.848
0.848
0.888
0.856
0.84
0.864
0.888
0.904
0.848
0.864
0.864
0.832
0.8
0.808
0.792
0.776
0.888
0.84
0.792
0.832
0.776
0.8
0.864
0.864
0.896
0.864
0.912
0.864
0.872
0.872
0.872
0.832
0.8
0.776
0.792
0.76
0.808
0.768
0.752
0.84
0.816
0.76
0.784
0.832
0.712
0.816
0.76
0.832
0.744
0.784
0.792
0.704
0.76
0.768
0.824
0.824
0.776
0.768
0.728
0.824
0.816
0.84
--------------0.864
0.856
0.824
0.784
0.808
0.832
0.856
0.768
0.832
0.856
0.872
0.904
0.848
0.928
0.904
0.848
0.848
0.8
0.832
0.824
0.912
0.92
0.888
0.92
0.936
0.928
0.944
0.912
0.92
0.88
0.88
0.904
0.896
0.872
0.88
0.92
0.896
0.936
0.904
0.864
0.928
0.904
0.872
0.936
0.92
0.928
0.904
0.912
0.872
0.904
0.816
0.776
0.808
0.8
0.888
0.824
0.752
0.824
0.752
0.752
0.856
0.848
0.888
0.872
0.872
0.88
0.88
0.88
0.872
0.864
0.824
0.816
0.824
0.8
0.84
0.8
0.808
0.872
0.848
0.84
0.84
0.864
0.776
0.848
0.816
0.864
0.752
0.848
0.848
0.76
0.792
0.824
0.848
0.848
0.816
0.784
0.808
0.848
0.824
0.848
--------------0.872
0.864
0.816
0.792
0.816
0.848
0.824
0.768
0.824
0.88
0.856
0.888
0.856
0.912
0.888
0.864
0.84
0.8
0.856
0.84
0.88
0.92
0.888
0.896
0.896
0.912
0.944
0.896
0.904
0.84
0.864
0.896
0.88
0.856
0.888
0.896
0.88
0.936
0.864
0.848
0.936
0.904
0.88
0.928
0.912
0.928
0.896
0.92
0.92
0.92
0.768
0.768
0.784
0.792
0.856
0.824
0.776
0.816
0.76
0.784
0.816
0.872
0.888
0.856
0.88
0.864
0.848
0.864
0.896
0.848
0.832
0.792
0.848
0.768
0.824
0.824
0.792
0.848
0.832
0.832
0.808
0.84
0.752
0.832
0.808
0.864
0.768
0.792
0.84
0.736
0.808
0.792
0.824
0.832
0.808
0.776
0.784
0.84
0.824
0.872
--------------tensor(0.8338, dtype=torch.float64)
tensor(0.8551, dtype=torch.float64)
tensor(0.8478, dtype=torch.float64)
