0.72
0.72
0.72
0.712
0.696
0.768
0.736
0.728
0.648
0.752
0.728
0.68
0.704
0.712
0.72
0.664
0.712
0.624
0.68
0.712
0.744
0.784
0.8
0.76
0.768
0.776
0.776
0.76
0.816
0.808
0.784
0.744
0.728
0.776
0.744
0.792
0.752
0.8
0.784
0.768
0.8
0.816
0.808
0.8
0.824
0.792
0.8
0.792
0.792
0.856
0.8
0.792
0.816
0.768
0.84
0.8
0.824
0.784
0.752
0.848
0.712
0.72
0.752
0.76
0.744
0.736
0.768
0.752
0.736
0.776
0.68
0.688
0.696
0.616
0.656
0.696
0.712
0.672
0.696
0.672
0.696
0.728
0.776
0.68
0.752
0.744
0.736
0.776
0.76
0.776
0.8
0.776
0.776
0.768
0.808
0.768
0.752
0.768
0.816
0.792
--------------0.808
0.816
0.776
0.736
0.776
0.808
0.76
0.808
0.736
0.816
0.736
0.688
0.728
0.68
0.72
0.704
0.728
0.608
0.696
0.696
0.792
0.808
0.84
0.84
0.824
0.824
0.824
0.8
0.84
0.84
0.816
0.752
0.784
0.816
0.752
0.824
0.832
0.808
0.784
0.8
0.832
0.872
0.84
0.792
0.856
0.848
0.816
0.856
0.856
0.912
0.8
0.792
0.832
0.816
0.88
0.864
0.84
0.816
0.824
0.864
0.728
0.776
0.768
0.76
0.776
0.72
0.752
0.784
0.736
0.792
0.704
0.744
0.704
0.712
0.72
0.712
0.728
0.688
0.752
0.72
0.744
0.768
0.784
0.712
0.792
0.792
0.768
0.776
0.792
0.776
0.808
0.824
0.744
0.792
0.8
0.768
0.784
0.752
0.808
0.768
--------------0.784
0.784
0.752
0.76
0.728
0.768
0.776
0.8
0.672
0.816
0.736
0.656
0.696
0.68
0.712
0.648
0.696
0.608
0.672
0.72
0.76
0.8
0.816
0.776
0.792
0.816
0.8
0.776
0.816
0.848
0.784
0.752
0.752
0.816
0.736
0.776
0.768
0.8
0.744
0.752
0.84
0.864
0.872
0.808
0.864
0.848
0.824
0.84
0.84
0.896
0.784
0.76
0.816
0.784
0.84
0.816
0.816
0.776
0.768
0.832
0.72
0.736
0.776
0.744
0.776
0.76
0.76
0.776
0.76
0.752
0.72
0.768
0.712
0.688
0.736
0.744
0.752
0.704
0.768
0.712
0.696
0.704
0.792
0.672
0.752
0.752
0.728
0.744
0.768
0.72
0.784
0.752
0.728
0.776
0.816
0.792
0.768
0.768
0.816
0.792
--------------tensor(0.7519, dtype=torch.float64)
tensor(0.7816, dtype=torch.float64)
tensor(0.7662, dtype=torch.float64)
