0.784
0.768
0.68
0.744
0.76
0.736
0.72
0.76
0.768
0.808
0.624
0.664
0.632
0.632
0.616
0.664
0.6
0.704
0.672
0.568
0.672
0.712
0.712
0.72
0.72
0.688
0.664
0.712
0.688
0.728
0.736
0.752
0.776
0.704
0.736
0.792
0.728
0.728
0.712
0.72
0.808
0.856
0.784
0.792
0.88
0.832
0.824
0.792
0.832
0.88
0.776
0.784
0.792
0.76
0.72
0.824
0.752
0.776
0.768
0.768
0.752
0.712
0.72
0.736
0.744
0.736
0.76
0.664
0.704
0.712
0.688
0.696
0.664
0.632
0.672
0.6
0.592
0.64
0.616
0.64
0.6
0.672
0.664
0.68
0.72
0.704
0.664
0.72
0.632
0.688
0.72
0.784
0.712
0.792
0.712
0.664
0.728
0.712
0.72
0.728
--------------0.776
0.776
0.712
0.72
0.728
0.688
0.712
0.688
0.744
0.744
0.624
0.688
0.648
0.696
0.664
0.688
0.624
0.72
0.664
0.6
0.768
0.76
0.76
0.736
0.816
0.76
0.736
0.752
0.752
0.768
0.728
0.76
0.784
0.744
0.752
0.784
0.728
0.736
0.768
0.776
0.832
0.88
0.84
0.808
0.904
0.864
0.848
0.832
0.84
0.896
0.72
0.76
0.776
0.76
0.752
0.792
0.784
0.768
0.728
0.752
0.776
0.728
0.752
0.688
0.744
0.776
0.76
0.696
0.72
0.76
0.664
0.704
0.656
0.632
0.68
0.608
0.568
0.632
0.624
0.64
0.6
0.656
0.664
0.696
0.744
0.744
0.68
0.736
0.648
0.704
0.736
0.768
0.712
0.792
0.776
0.712
0.76
0.76
0.752
0.72
--------------0.752
0.784
0.72
0.744
0.768
0.736
0.696
0.72
0.752
0.8
0.648
0.728
0.688
0.712
0.664
0.696
0.624
0.752
0.696
0.6
0.76
0.752
0.76
0.752
0.776
0.752
0.736
0.776
0.736
0.76
0.736
0.728
0.784
0.72
0.76
0.792
0.736
0.744
0.76
0.744
0.832
0.872
0.832
0.824
0.888
0.88
0.864
0.832
0.832
0.912
0.736
0.752
0.768
0.76
0.712
0.808
0.76
0.768
0.752
0.752
0.776
0.736
0.736
0.728
0.776
0.808
0.752
0.696
0.696
0.752
0.688
0.72
0.68
0.64
0.696
0.624
0.616
0.656
0.656
0.656
0.632
0.704
0.656
0.688
0.744
0.744
0.68
0.736
0.632
0.704
0.728
0.76
0.704
0.824
0.744
0.688
0.744
0.736
0.744
0.72
--------------tensor(0.7200, dtype=torch.float64)
tensor(0.7338, dtype=torch.float64)
tensor(0.7388, dtype=torch.float64)
