0.72
0.76
0.736
0.752
0.76
0.672
0.712
0.728
0.736
0.704
0.72
0.664
0.68
0.696
0.712
0.712
0.704
0.696
0.736
0.664
0.808
0.736
0.76
0.856
0.72
0.744
0.736
0.752
0.736
0.776
0.696
0.776
0.768
0.784
0.752
0.728
0.704
0.672
0.704
0.672
0.696
0.712
0.736
0.624
0.696
0.712
0.608
0.696
0.792
0.64
0.736
0.688
0.664
0.72
0.688
0.696
0.68
0.72
0.736
0.656
0.808
0.752
0.776
0.8
0.808
0.776
0.808
0.8
0.824
0.848
0.784
0.752
0.712
0.784
0.72
0.704
0.8
0.792
0.736
0.752
0.776
0.816
0.776
0.8
0.744
0.696
0.76
0.792
0.768
0.808
0.816
0.808
0.784
0.824
0.736
0.8
0.848
0.816
0.88
0.832
--------------0.728
0.752
0.72
0.752
0.72
0.656
0.736
0.728
0.72
0.696
0.744
0.696
0.648
0.72
0.688
0.728
0.72
0.712
0.744
0.68
0.776
0.776
0.776
0.808
0.72
0.736
0.752
0.776
0.728
0.768
0.728
0.792
0.768
0.832
0.784
0.76
0.72
0.72
0.72
0.736
0.752
0.728
0.744
0.696
0.76
0.76
0.688
0.752
0.864
0.728
0.752
0.728
0.736
0.736
0.712
0.728
0.72
0.744
0.752
0.688
0.792
0.768
0.76
0.8
0.824
0.8
0.816
0.784
0.848
0.784
0.792
0.768
0.76
0.792
0.704
0.776
0.776
0.768
0.816
0.72
0.752
0.832
0.76
0.8
0.744
0.72
0.784
0.784
0.76
0.768
0.848
0.88
0.768
0.84
0.752
0.832
0.832
0.848
0.888
0.848
--------------0.728
0.768
0.76
0.808
0.76
0.688
0.752
0.736
0.768
0.712
0.744
0.68
0.672
0.696
0.704
0.728
0.688
0.712
0.768
0.72
0.792
0.76
0.784
0.8
0.712
0.728
0.752
0.792
0.744
0.768
0.704
0.808
0.76
0.808
0.736
0.752
0.688
0.696
0.728
0.696
0.744
0.736
0.72
0.672
0.752
0.768
0.688
0.752
0.856
0.704
0.736
0.688
0.68
0.728
0.696
0.688
0.688
0.736
0.744
0.656
0.784
0.776
0.784
0.824
0.856
0.808
0.856
0.816
0.824
0.848
0.824
0.76
0.784
0.776
0.736
0.8
0.784
0.768
0.824
0.752
0.76
0.832
0.784
0.784
0.72
0.72
0.768
0.776
0.776
0.776
0.816
0.824
0.792
0.832
0.736
0.824
0.84
0.832
0.864
0.824
--------------tensor(0.7446, dtype=torch.float64)
tensor(0.7592, dtype=torch.float64)
tensor(0.7590, dtype=torch.float64)
