0.832
0.88
0.832
0.888
0.872
0.832
0.88
0.896
0.904
0.864
0.792
0.784
0.728
0.816
0.8
0.784
0.736
0.784
0.76
0.784
0.824
0.904
0.856
0.824
0.856
0.848
0.824
0.8
0.872
0.832
0.84
0.904
0.856
0.872
0.848
0.936
0.856
0.92
0.888
0.872
0.896
0.88
0.856
0.912
0.88
0.912
0.904
0.856
0.88
0.856
0.896
0.824
0.808
0.808
0.808
0.848
0.832
0.792
0.864
0.88
0.84
0.84
0.848
0.768
0.8
0.864
0.808
0.872
0.768
0.808
0.864
0.872
0.848
0.864
0.848
0.832
0.872
0.888
0.864
0.84
0.824
0.904
0.888
0.912
0.848
0.888
0.872
0.864
0.88
0.912
0.88
0.792
0.8
0.808
0.824
0.832
0.824
0.832
0.824
0.8
--------------0.816
0.912
0.832
0.896
0.872
0.872
0.88
0.896
0.912
0.872
0.864
0.824
0.752
0.848
0.824
0.848
0.8
0.8
0.824
0.832
0.84
0.928
0.84
0.84
0.88
0.864
0.84
0.816
0.864
0.824
0.896
0.92
0.912
0.896
0.888
0.976
0.92
0.92
0.896
0.904
0.88
0.848
0.824
0.928
0.84
0.896
0.912
0.856
0.832
0.864
0.848
0.864
0.856
0.864
0.864
0.888
0.848
0.848
0.84
0.896
0.848
0.792
0.856
0.784
0.808
0.848
0.816
0.848
0.8
0.8
0.888
0.912
0.872
0.872
0.856
0.84
0.872
0.896
0.856
0.856
0.88
0.888
0.896
0.912
0.872
0.88
0.848
0.888
0.88
0.92
0.912
0.832
0.872
0.848
0.832
0.84
0.864
0.864
0.856
0.824
--------------0.816
0.88
0.832
0.888
0.856
0.864
0.888
0.872
0.888
0.856
0.856
0.808
0.744
0.824
0.824
0.832
0.784
0.808
0.784
0.832
0.832
0.912
0.848
0.824
0.856
0.832
0.824
0.832
0.848
0.824
0.888
0.912
0.888
0.888
0.904
0.944
0.888
0.928
0.88
0.896
0.864
0.832
0.832
0.928
0.872
0.88
0.912
0.856
0.864
0.848
0.88
0.824
0.816
0.84
0.816
0.896
0.84
0.832
0.864
0.864
0.848
0.824
0.84
0.776
0.8
0.864
0.792
0.856
0.784
0.816
0.888
0.88
0.872
0.88
0.864
0.824
0.896
0.888
0.872
0.856
0.848
0.896
0.904
0.896
0.864
0.928
0.856
0.896
0.896
0.92
0.872
0.8
0.84
0.808
0.832
0.84
0.872
0.848
0.856
0.792
--------------tensor(0.8469, dtype=torch.float64)
tensor(0.8626, dtype=torch.float64)
tensor(0.8553, dtype=torch.float64)
