0.784
0.688
0.784
0.736
0.768
0.816
0.792
0.728
0.728
0.792
0.664
0.792
0.76
0.76
0.688
0.688
0.736
0.68
0.744
0.736
0.64
0.672
0.616
0.664
0.576
0.656
0.688
0.704
0.68
0.696
0.56
0.6
0.608
0.648
0.576
0.56
0.576
0.584
0.584
0.528
0.736
0.736
0.72
0.76
0.696
0.728
0.744
0.712
0.768
0.744
0.648
0.712
0.736
0.664
0.736
0.656
0.792
0.76
0.768
0.664
0.752
0.736
0.68
0.76
0.752
0.776
0.736
0.712
0.76
0.704
0.816
0.784
0.84
0.864
0.8
0.776
0.816
0.736
0.768
0.744
0.624
0.656
0.68
0.72
0.728
0.64
0.704
0.688
0.696
0.712
0.712
0.696
0.704
0.696
0.568
0.68
0.616
0.624
0.696
0.728
--------------0.76
0.744
0.728
0.752
0.792
0.824
0.792
0.752
0.744
0.792
0.712
0.784
0.792
0.768
0.712
0.712
0.768
0.704
0.728
0.768
0.632
0.704
0.648
0.704
0.608
0.696
0.704
0.744
0.672
0.696
0.632
0.632
0.68
0.696
0.608
0.632
0.624
0.616
0.584
0.56
0.72
0.696
0.712
0.776
0.744
0.712
0.76
0.704
0.752
0.712
0.664
0.736
0.744
0.672
0.72
0.632
0.768
0.728
0.752
0.64
0.712
0.712
0.72
0.72
0.744
0.736
0.72
0.712
0.776
0.728
0.832
0.8
0.824
0.88
0.808
0.776
0.856
0.736
0.808
0.768
0.648
0.664
0.72
0.776
0.76
0.656
0.704
0.696
0.728
0.76
0.688
0.68
0.728
0.68
0.688
0.68
0.656
0.648
0.696
0.712
--------------0.744
0.704
0.784
0.736
0.76
0.816
0.8
0.728
0.728
0.776
0.688
0.808
0.8
0.784
0.696
0.712
0.776
0.696
0.752
0.784
0.624
0.696
0.648
0.736
0.592
0.68
0.72
0.712
0.672
0.728
0.632
0.64
0.696
0.68
0.616
0.648
0.608
0.672
0.656
0.544
0.76
0.736
0.744
0.792
0.72
0.728
0.752
0.728
0.784
0.744
0.664
0.736
0.728
0.688
0.752
0.648
0.816
0.736
0.768
0.656
0.744
0.76
0.688
0.744
0.752
0.76
0.728
0.712
0.768
0.72
0.84
0.768
0.808
0.88
0.808
0.808
0.88
0.76
0.784
0.76
0.688
0.688
0.752
0.784
0.76
0.696
0.744
0.744
0.768
0.752
0.744
0.76
0.736
0.744
0.64
0.696
0.68
0.672
0.712
0.768
--------------tensor(0.7064, dtype=torch.float64)
tensor(0.7188, dtype=torch.float64)
tensor(0.7295, dtype=torch.float64)
