0.664
0.64
0.736
0.72
0.688
0.704
0.704
0.704
0.712
0.76
0.64
0.768
0.72
0.72
0.712
0.728
0.664
0.672
0.656
0.672
0.656
0.664
0.552
0.592
0.68
0.688
0.648
0.688
0.672
0.688
0.728
0.696
0.704
0.688
0.744
0.776
0.728
0.752
0.624
0.68
0.792
0.704
0.784
0.776
0.744
0.8
0.792
0.712
0.784
0.776
0.672
0.672
0.72
0.744
0.712
0.728
0.72
0.704
0.648
0.696
0.784
0.688
0.64
0.736
0.704
0.744
0.688
0.656
0.704
0.72
0.528
0.64
0.52
0.6
0.6
0.496
0.632
0.584
0.584
0.56
0.728
0.744
0.768
0.648
0.744
0.712
0.64
0.704
0.712
0.728
0.76
0.64
0.68
0.728
0.736
0.728
0.696
0.736
0.696
0.72
--------------0.672
0.672
0.784
0.776
0.776
0.728
0.784
0.752
0.736
0.792
0.704
0.816
0.736
0.784
0.76
0.768
0.728
0.728
0.696
0.656
0.68
0.688
0.616
0.656
0.696
0.672
0.68
0.664
0.72
0.752
0.768
0.712
0.72
0.728
0.776
0.776
0.752
0.8
0.664
0.736
0.76
0.72
0.808
0.76
0.792
0.84
0.816
0.768
0.8
0.784
0.696
0.688
0.68
0.696
0.744
0.68
0.704
0.712
0.664
0.696
0.76
0.704
0.696
0.744
0.728
0.776
0.64
0.688
0.68
0.696
0.544
0.664
0.528
0.592
0.608
0.528
0.624
0.592
0.552
0.568
0.728
0.752
0.768
0.632
0.704
0.712
0.688
0.68
0.648
0.72
0.76
0.672
0.704
0.72
0.728
0.696
0.728
0.744
0.64
0.736
--------------0.656
0.68
0.784
0.784
0.76
0.72
0.744
0.744
0.728
0.768
0.712
0.784
0.736
0.736
0.704
0.776
0.688
0.688
0.688
0.624
0.664
0.688
0.592
0.592
0.688
0.688
0.664
0.72
0.712
0.712
0.744
0.72
0.696
0.72
0.76
0.792
0.704
0.768
0.632
0.704
0.752
0.712
0.784
0.736
0.808
0.816
0.784
0.736
0.792
0.768
0.68
0.696
0.704
0.68
0.704
0.696
0.696
0.744
0.672
0.688
0.776
0.672
0.664
0.72
0.72
0.784
0.672
0.664
0.704
0.704
0.528
0.656
0.552
0.616
0.6
0.512
0.624
0.584
0.584
0.568
0.696
0.712
0.736
0.632
0.696
0.648
0.624
0.68
0.696
0.696
0.728
0.672
0.72
0.744
0.736
0.712
0.696
0.696
0.672
0.72
--------------tensor(0.6937, dtype=torch.float64)
tensor(0.7098, dtype=torch.float64)
tensor(0.6993, dtype=torch.float64)
