0.808
0.832
0.864
0.808
0.768
0.856
0.816
0.816
0.784
0.808
0.8
0.696
0.68
0.672
0.696
0.672
0.776
0.68
0.696
0.656
0.816
0.752
0.792
0.808
0.808
0.712
0.824
0.784
0.776
0.808
0.856
0.872
0.824
0.864
0.872
0.88
0.816
0.864
0.856
0.84
0.776
0.752
0.736
0.744
0.848
0.8
0.76
0.784
0.8
0.736
0.648
0.632
0.688
0.68
0.752
0.712
0.744
0.712
0.728
0.656
0.68
0.664
0.728
0.736
0.672
0.696
0.728
0.72
0.72
0.768
0.8
0.848
0.792
0.76
0.824
0.832
0.784
0.792
0.76
0.728
0.664
0.68
0.752
0.688
0.624
0.68
0.728
0.696
0.688
0.688
0.832
0.896
0.888
0.904
0.88
0.832
0.888
0.776
0.856
0.88
--------------0.848
0.824
0.888
0.816
0.824
0.88
0.864
0.864
0.832
0.792
0.8
0.72
0.68
0.672
0.672
0.672
0.776
0.728
0.696
0.664
0.824
0.768
0.808
0.832
0.792
0.72
0.848
0.776
0.8
0.8
0.856
0.856
0.856
0.824
0.88
0.872
0.84
0.864
0.872
0.84
0.808
0.776
0.784
0.768
0.848
0.824
0.784
0.824
0.816
0.8
0.68
0.664
0.68
0.744
0.744
0.704
0.72
0.72
0.728
0.704
0.704
0.696
0.736
0.752
0.664
0.72
0.736
0.744
0.728
0.76
0.792
0.872
0.824
0.776
0.848
0.848
0.792
0.848
0.792
0.76
0.712
0.704
0.768
0.736
0.72
0.72
0.752
0.744
0.752
0.768
0.864
0.896
0.864
0.92
0.888
0.88
0.904
0.832
0.928
0.88
--------------0.816
0.84
0.888
0.816
0.8
0.864
0.832
0.832
0.8
0.824
0.776
0.704
0.688
0.68
0.704
0.688
0.776
0.672
0.704
0.656
0.824
0.76
0.832
0.848
0.784
0.736
0.84
0.8
0.808
0.824
0.864
0.872
0.848
0.824
0.848
0.904
0.864
0.864
0.872
0.84
0.792
0.736
0.76
0.728
0.864
0.824
0.776
0.808
0.792
0.76
0.68
0.64
0.68
0.72
0.752
0.68
0.76
0.688
0.704
0.688
0.704
0.696
0.736
0.744
0.664
0.728
0.712
0.696
0.72
0.744
0.808
0.864
0.808
0.768
0.856
0.856
0.8
0.824
0.792
0.76
0.696
0.688
0.736
0.752
0.696
0.736
0.752
0.704
0.736
0.712
0.872
0.888
0.888
0.92
0.896
0.864
0.888
0.832
0.896
0.864
--------------tensor(0.7685, dtype=torch.float64)
tensor(0.7878, dtype=torch.float64)
tensor(0.7814, dtype=torch.float64)
