0.872
0.88
0.808
0.864
0.832
0.872
0.856
0.848
0.896
0.848
0.608
0.664
0.672
0.632
0.648
0.624
0.688
0.648
0.648
0.656
0.696
0.664
0.728
0.728
0.752
0.704
0.664
0.736
0.744
0.712
0.792
0.8
0.824
0.84
0.784
0.8
0.808
0.784
0.824
0.824
0.656
0.64
0.632
0.696
0.656
0.584
0.608
0.656
0.6
0.672
0.808
0.768
0.704
0.776
0.712
0.688
0.72
0.768
0.768
0.776
0.792
0.808
0.808
0.776
0.784
0.688
0.744
0.8
0.808
0.736
0.728
0.704
0.704
0.688
0.736
0.664
0.704
0.688
0.752
0.704
0.664
0.664
0.744
0.6
0.744
0.744
0.664
0.648
0.624
0.656
0.736
0.768
0.784
0.752
0.696
0.76
0.776
0.736
0.72
0.792
--------------0.864
0.888
0.848
0.88
0.816
0.904
0.856
0.848
0.92
0.888
0.648
0.696
0.664
0.648
0.696
0.656
0.744
0.664
0.696
0.704
0.704
0.656
0.704
0.704
0.728
0.736
0.688
0.712
0.704
0.704
0.768
0.808
0.824
0.824
0.792
0.848
0.864
0.824
0.824
0.856
0.688
0.712
0.64
0.752
0.736
0.64
0.68
0.704
0.616
0.68
0.792
0.776
0.72
0.8
0.696
0.696
0.712
0.736
0.752
0.776
0.752
0.8
0.8
0.752
0.752
0.68
0.728
0.8
0.792
0.728
0.784
0.768
0.76
0.792
0.784
0.728
0.792
0.736
0.824
0.752
0.624
0.64
0.728
0.592
0.712
0.72
0.656
0.6
0.648
0.624
0.808
0.848
0.8
0.824
0.776
0.8
0.808
0.792
0.752
0.832
--------------0.864
0.904
0.816
0.88
0.824
0.896
0.848
0.848
0.912
0.864
0.672
0.704
0.704
0.696
0.728
0.672
0.768
0.672
0.688
0.704
0.68
0.648
0.704
0.712
0.736
0.696
0.656
0.696
0.736
0.712
0.776
0.792
0.824
0.824
0.784
0.832
0.848
0.824
0.848
0.848
0.68
0.68
0.624
0.712
0.728
0.608
0.68
0.664
0.632
0.672
0.824
0.76
0.704
0.784
0.672
0.688
0.712
0.76
0.736
0.768
0.76
0.784
0.8
0.76
0.736
0.664
0.728
0.808
0.792
0.728
0.792
0.776
0.76
0.776
0.792
0.728
0.792
0.76
0.808
0.76
0.648
0.648
0.744
0.608
0.728
0.728
0.672
0.632
0.632
0.664
0.792
0.816
0.792
0.808
0.768
0.792
0.808
0.8
0.752
0.808
--------------tensor(0.7325, dtype=torch.float64)
tensor(0.7499, dtype=torch.float64)
tensor(0.7487, dtype=torch.float64)
