0.928
0.904
0.864
0.832
0.88
0.872
0.816
0.92
0.928
0.848
0.856
0.928
0.896
0.848
0.896
0.92
0.896
0.888
0.904
0.88
0.768
0.728
0.736
0.792
0.776
0.696
0.736
0.752
0.72
0.696
0.752
0.832
0.784
0.752
0.808
0.768
0.736
0.784
0.76
0.832
0.984
0.952
0.896
0.96
0.928
0.928
0.928
0.984
0.912
0.904
0.872
0.872
0.864
0.904
0.872
0.84
0.912
0.88
0.832
0.896
0.88
0.888
0.912
0.888
0.848
0.832
0.864
0.888
0.888
0.864
0.752
0.784
0.776
0.752
0.72
0.68
0.752
0.672
0.752
0.744
0.816
0.864
0.832
0.808
0.856
0.752
0.816
0.856
0.816
0.8
0.888
0.832
0.848
0.84
0.864
0.84
0.88
0.888
0.864
0.856
--------------0.92
0.928
0.88
0.816
0.872
0.856
0.84
0.92
0.928
0.832
0.888
0.944
0.92
0.848
0.904
0.92
0.92
0.944
0.92
0.904
0.792
0.768
0.76
0.808
0.784
0.704
0.768
0.776
0.768
0.76
0.8
0.864
0.784
0.8
0.808
0.792
0.776
0.792
0.776
0.856
0.976
0.944
0.896
0.912
0.904
0.92
0.928
0.976
0.912
0.896
0.88
0.888
0.856
0.912
0.872
0.872
0.904
0.896
0.84
0.912
0.88
0.904
0.92
0.872
0.864
0.872
0.888
0.896
0.904
0.848
0.856
0.816
0.824
0.768
0.76
0.736
0.816
0.768
0.8
0.776
0.816
0.864
0.832
0.808
0.824
0.752
0.824
0.848
0.8
0.792
0.896
0.848
0.848
0.872
0.904
0.824
0.856
0.888
0.88
0.872
--------------0.936
0.872
0.896
0.824
0.872
0.872
0.824
0.912
0.92
0.848
0.904
0.952
0.904
0.824
0.872
0.92
0.896
0.92
0.92
0.888
0.792
0.752
0.776
0.784
0.768
0.712
0.752
0.784
0.736
0.752
0.776
0.856
0.8
0.824
0.816
0.8
0.76
0.808
0.8
0.84
0.976
0.952
0.896
0.92
0.904
0.92
0.936
0.976
0.904
0.904
0.896
0.864
0.856
0.904
0.864
0.848
0.912
0.904
0.856
0.912
0.856
0.904
0.92
0.896
0.88
0.856
0.896
0.888
0.912
0.864
0.84
0.8
0.8
0.752
0.752
0.72
0.816
0.744
0.776
0.768
0.808
0.872
0.824
0.784
0.832
0.784
0.8
0.864
0.808
0.816
0.888
0.848
0.872
0.832
0.888
0.816
0.872
0.888
0.864
0.856
--------------tensor(0.8398, dtype=torch.float64)
tensor(0.8535, dtype=torch.float64)
tensor(0.8502, dtype=torch.float64)
