0.824
0.856
0.824
0.848
0.88
0.816
0.904
0.896
0.864
0.928
0.816
0.832
0.752
0.824
0.76
0.832
0.736
0.672
0.8
0.768
0.8
0.776
0.792
0.752
0.872
0.744
0.776
0.84
0.824
0.776
0.648
0.64
0.608
0.64
0.584
0.624
0.664
0.568
0.584
0.664
0.616
0.608
0.648
0.672
0.608
0.656
0.688
0.64
0.616
0.624
0.664
0.632
0.656
0.648
0.672
0.624
0.664
0.664
0.664
0.672
0.528
0.568
0.568
0.504
0.504
0.512
0.488
0.536
0.552
0.504
0.64
0.624
0.568
0.632
0.576
0.616
0.576
0.608
0.592
0.616
0.72
0.664
0.744
0.672
0.688
0.664
0.696
0.696
0.704
0.68
0.664
0.76
0.768
0.688
0.712
0.736
0.688
0.776
0.672
0.72
--------------0.8
0.864
0.84
0.856
0.888
0.816
0.872
0.912
0.816
0.92
0.8
0.808
0.784
0.832
0.736
0.824
0.728
0.688
0.808
0.776
0.888
0.848
0.872
0.84
0.912
0.816
0.832
0.864
0.848
0.872
0.704
0.688
0.632
0.648
0.592
0.632
0.672
0.672
0.568
0.672
0.624
0.6
0.672
0.68
0.608
0.68
0.72
0.624
0.648
0.648
0.792
0.688
0.744
0.736
0.736
0.744
0.736
0.784
0.76
0.792
0.504
0.528
0.552
0.472
0.496
0.52
0.496
0.528
0.536
0.496
0.6
0.656
0.584
0.664
0.584
0.64
0.632
0.656
0.608
0.704
0.728
0.656
0.728
0.656
0.688
0.648
0.704
0.672
0.696
0.728
0.736
0.816
0.784
0.744
0.8
0.792
0.776
0.84
0.736
0.768
--------------0.792
0.856
0.8
0.832
0.848
0.776
0.864
0.856
0.808
0.888
0.784
0.776
0.728
0.792
0.736
0.784
0.72
0.656
0.8
0.744
0.88
0.88
0.896
0.848
0.928
0.824
0.848
0.904
0.84
0.848
0.672
0.656
0.624
0.672
0.56
0.608
0.664
0.632
0.544
0.648
0.608
0.616
0.672
0.688
0.608
0.664
0.72
0.656
0.648
0.648
0.768
0.72
0.736
0.72
0.752
0.744
0.712
0.784
0.76
0.784
0.528
0.544
0.568
0.488
0.504
0.512
0.48
0.528
0.544
0.488
0.6
0.664
0.592
0.648
0.56
0.656
0.616
0.656
0.632
0.68
0.76
0.696
0.768
0.672
0.72
0.696
0.712
0.704
0.72
0.712
0.728
0.792
0.784
0.736
0.776
0.792
0.752
0.792
0.752
0.76
--------------tensor(0.6897, dtype=torch.float64)
tensor(0.7161, dtype=torch.float64)
tensor(0.7114, dtype=torch.float64)
