0.792
0.776
0.736
0.784
0.768
0.728
0.808
0.768
0.76
0.72
0.72
0.752
0.784
0.72
0.656
0.712
0.704
0.792
0.728
0.736
0.744
0.728
0.728
0.752
0.744
0.712
0.728
0.728
0.728
0.752
0.896
0.864
0.888
0.808
0.848
0.816
0.872
0.84
0.824
0.88
0.88
0.808
0.832
0.816
0.8
0.808
0.832
0.848
0.808
0.832
0.928
0.912
0.944
0.928
0.944
0.904
0.904
0.944
0.968
0.912
0.824
0.864
0.864
0.888
0.84
0.848
0.832
0.824
0.84
0.848
0.84
0.944
0.928
0.92
0.92
0.912
0.864
0.944
0.928
0.904
0.888
0.872
0.912
0.856
0.864
0.84
0.88
0.928
0.912
0.904
0.768
0.84
0.856
0.792
0.848
0.8
0.792
0.864
0.832
0.808
--------------0.8
0.792
0.776
0.792
0.816
0.768
0.84
0.808
0.832
0.76
0.744
0.808
0.816
0.76
0.72
0.776
0.776
0.816
0.752
0.776
0.712
0.776
0.768
0.808
0.792
0.728
0.776
0.784
0.728
0.784
0.896
0.896
0.92
0.88
0.864
0.896
0.872
0.864
0.848
0.912
0.92
0.896
0.84
0.864
0.88
0.864
0.88
0.864
0.856
0.864
0.952
0.928
0.944
0.936
0.976
0.944
0.944
0.952
0.976
0.88
0.856
0.864
0.904
0.896
0.88
0.856
0.848
0.832
0.816
0.864
0.872
0.952
0.96
0.912
0.912
0.92
0.904
0.92
0.936
0.888
0.912
0.912
0.872
0.904
0.912
0.912
0.896
0.928
0.944
0.944
0.816
0.872
0.856
0.84
0.896
0.84
0.816
0.856
0.832
0.816
--------------0.792
0.792
0.768
0.808
0.816
0.784
0.832
0.792
0.792
0.752
0.736
0.784
0.808
0.744
0.688
0.784
0.72
0.8
0.768
0.736
0.712
0.808
0.736
0.784
0.776
0.712
0.736
0.768
0.72
0.752
0.88
0.88
0.88
0.832
0.824
0.864
0.88
0.872
0.832
0.904
0.928
0.904
0.832
0.872
0.864
0.848
0.872
0.872
0.864
0.872
0.944
0.928
0.944
0.96
0.968
0.944
0.952
0.936
0.984
0.904
0.848
0.864
0.864
0.896
0.848
0.848
0.84
0.848
0.848
0.84
0.872
0.944
0.944
0.92
0.928
0.92
0.904
0.92
0.936
0.904
0.896
0.896
0.92
0.88
0.896
0.904
0.904
0.936
0.944
0.888
0.8
0.872
0.856
0.848
0.912
0.8
0.808
0.848
0.84
0.832
--------------tensor(0.8301, dtype=torch.float64)
tensor(0.8576, dtype=torch.float64)
tensor(0.8506, dtype=torch.float64)
