0.76
0.784
0.816
0.8
0.752
0.8
0.792
0.744
0.84
0.808
0.592
0.56
0.544
0.584
0.592
0.592
0.616
0.608
0.608
0.624
0.648
0.704
0.672
0.744
0.736
0.68
0.648
0.688
0.64
0.752
0.528
0.52
0.456
0.496
0.512
0.432
0.472
0.432
0.568
0.48
0.56
0.552
0.568
0.432
0.552
0.536
0.52
0.48
0.52
0.584
0.72
0.728
0.736
0.696
0.712
0.752
0.712
0.776
0.704
0.736
0.728
0.728
0.744
0.776
0.72
0.736
0.752
0.792
0.616
0.768
0.56
0.416
0.496
0.448
0.504
0.448
0.504
0.56
0.488
0.528
0.696
0.64
0.72
0.664
0.696
0.712
0.712
0.688
0.736
0.752
0.704
0.752
0.704
0.752
0.736
0.688
0.808
0.752
0.752
0.768
--------------0.784
0.776
0.776
0.816
0.728
0.808
0.816
0.752
0.8
0.808
0.56
0.552
0.552
0.608
0.656
0.608
0.656
0.568
0.608
0.656
0.704
0.736
0.736
0.76
0.8
0.72
0.704
0.768
0.704
0.76
0.536
0.52
0.48
0.496
0.512
0.44
0.48
0.472
0.56
0.456
0.608
0.592
0.576
0.456
0.536
0.608
0.56
0.536
0.576
0.688
0.744
0.736
0.776
0.704
0.752
0.76
0.76
0.816
0.8
0.744
0.744
0.8
0.8
0.808
0.76
0.776
0.808
0.768
0.624
0.768
0.576
0.464
0.48
0.456
0.472
0.448
0.504
0.536
0.48
0.576
0.768
0.704
0.752
0.768
0.768
0.768
0.768
0.76
0.808
0.776
0.76
0.728
0.728
0.768
0.752
0.72
0.784
0.72
0.728
0.752
--------------0.792
0.8
0.816
0.816
0.752
0.816
0.8
0.768
0.8
0.816
0.592
0.584
0.56
0.624
0.608
0.6
0.648
0.6
0.616
0.696
0.72
0.776
0.744
0.76
0.832
0.76
0.672
0.736
0.72
0.752
0.536
0.544
0.488
0.504
0.512
0.44
0.456
0.464
0.552
0.472
0.616
0.592
0.568
0.464
0.568
0.624
0.584
0.552
0.576
0.648
0.72
0.728
0.792
0.68
0.728
0.776
0.752
0.824
0.76
0.792
0.752
0.792
0.808
0.816
0.744
0.792
0.808
0.784
0.648
0.784
0.584
0.44
0.504
0.448
0.496
0.464
0.504
0.544
0.504
0.544
0.744
0.688
0.784
0.72
0.752
0.792
0.752
0.76
0.816
0.808
0.736
0.776
0.72
0.768
0.744
0.72
0.8
0.736
0.728
0.776
--------------tensor(0.6494, dtype=torch.float64)
tensor(0.6729, dtype=torch.float64)
tensor(0.6777, dtype=torch.float64)
