0.656
0.544
0.632
0.608
0.592
0.696
0.584
0.568
0.624
0.592
0.696
0.736
0.752
0.728
0.68
0.736
0.792
0.696
0.688
0.744
0.768
0.736
0.784
0.768
0.752
0.72
0.768
0.744
0.768
0.792
0.688
0.64
0.752
0.72
0.672
0.72
0.672
0.712
0.712
0.72
0.744
0.792
0.8
0.784
0.792
0.848
0.832
0.8
0.808
0.792
--------------0.704
0.592
0.696
0.672
0.624
0.72
0.648
0.632
0.68
0.616
0.672
0.704
0.728
0.704
0.664
0.728
0.768
0.688
0.72
0.72
0.824
0.8
0.84
0.8
0.848
0.8
0.792
0.848
0.864
0.808
0.736
0.648
0.712
0.728
0.648
0.64
0.696
0.704
0.744
0.696
0.728
0.752
0.776
0.808
0.768
0.824
0.832
0.784
0.776
0.776
--------------0.688
0.56
0.696
0.648
0.632
0.712
0.656
0.584
0.616
0.632
0.696
0.72
0.744
0.72
0.68
0.736
0.792
0.696
0.68
0.752
0.824
0.808
0.8
0.816
0.824
0.792
0.784
0.832
0.848
0.8
0.744
0.672
0.712
0.72
0.672
0.648
0.704
0.688
0.752
0.72
0.728
0.76
0.768
0.784
0.776
0.832
0.832
0.776
0.808
0.736
--------------tensor(0.7189, dtype=torch.float64)
tensor(0.7336, dtype=torch.float64)
tensor(0.7320, dtype=torch.float64)
