0.784
0.728
0.752
0.8
0.736
0.792
0.728
0.8
0.752
0.768
0.832
0.784
0.824
0.8
0.872
0.848
0.856
0.792
0.904
0.872
0.816
0.808
0.808
0.728
0.784
0.76
0.832
0.84
0.816
0.8
0.848
0.832
0.8
0.856
0.76
0.816
0.856
0.88
0.824
0.864
0.888
0.8
0.888
0.856
0.888
0.904
0.888
0.912
0.888
0.84
--------------0.8
0.744
0.752
0.84
0.808
0.792
0.768
0.816
0.76
0.832
0.84
0.8
0.84
0.824
0.864
0.88
0.848
0.832
0.904
0.856
0.824
0.808
0.88
0.776
0.832
0.808
0.832
0.848
0.84
0.8
0.888
0.848
0.84
0.872
0.816
0.824
0.856
0.832
0.872
0.856
0.888
0.864
0.928
0.888
0.904
0.904
0.888
0.896
0.92
0.88
--------------0.792
0.76
0.776
0.824
0.784
0.776
0.76
0.808
0.768
0.8
0.848
0.824
0.832
0.864
0.92
0.88
0.888
0.856
0.92
0.896
0.824
0.816
0.848
0.76
0.824
0.792
0.848
0.848
0.816
0.792
0.888
0.864
0.824
0.872
0.816
0.824
0.856
0.848
0.872
0.912
0.88
0.832
0.888
0.88
0.888
0.912
0.904
0.904
0.888
0.88
--------------tensor(0.8221, dtype=torch.float64)
tensor(0.8422, dtype=torch.float64)
tensor(0.8435, dtype=torch.float64)
