0.72
0.736
0.688
0.656
0.624
0.76
0.672
0.632
0.664
0.712
0.704
0.72
0.616
0.76
0.696
0.768
0.616
0.664
0.6
0.688
0.784
0.808
0.808
0.816
0.8
0.792
0.8
0.84
0.776
0.872
0.736
0.848
0.744
0.776
0.752
0.72
0.736
0.816
0.736
0.8
0.8
0.776
0.792
0.752
0.784
0.808
0.8
0.808
0.76
0.792
--------------0.784
0.776
0.752
0.728
0.72
0.736
0.768
0.688
0.712
0.76
0.736
0.752
0.648
0.736
0.68
0.736
0.616
0.688
0.648
0.704
0.792
0.824
0.856
0.848
0.808
0.808
0.816
0.832
0.784
0.864
0.808
0.848
0.776
0.792
0.808
0.768
0.768
0.808
0.792
0.84
0.784
0.792
0.864
0.752
0.816
0.84
0.776
0.832
0.776
0.8
--------------0.744
0.768
0.704
0.688
0.68
0.768
0.752
0.672
0.704
0.744
0.736
0.744
0.64
0.752
0.672
0.72
0.616
0.68
0.632
0.704
0.8
0.824
0.832
0.8
0.8
0.776
0.776
0.816
0.808
0.856
0.768
0.84
0.736
0.8
0.792
0.72
0.728
0.8
0.728
0.816
0.8
0.776
0.824
0.768
0.784
0.816
0.768
0.824
0.776
0.792
--------------tensor(0.7466, dtype=torch.float64)
tensor(0.7728, dtype=torch.float64)
tensor(0.7573, dtype=torch.float64)
