0.904
0.896
0.888
0.912
0.904
0.912
0.888
0.856
0.904
0.904
0.88
0.904
0.92
0.904
0.888
0.904
0.936
0.84
0.952
0.904
0.92
0.904
0.928
0.928
0.968
0.96
0.888
0.944
0.928
0.936
0.992
0.984
1.0
0.976
0.992
0.976
0.992
0.976
0.984
1.0
0.944
0.96
0.992
0.952
0.96
0.952
0.928
0.952
0.928
0.92
1.0
1.0
1.0
1.0
1.0
1.0
1.0
1.0
1.0
1.0
0.96
0.944
0.96
0.92
0.928
0.936
0.96
0.92
0.96
0.944
0.88
0.896
0.912
0.856
0.88
0.864
0.848
0.88
0.848
0.848
0.92
0.936
0.952
0.92
0.976
0.936
0.952
0.928
0.944
0.92
0.904
0.888
0.888
0.904
0.936
0.888
0.872
0.928
0.912
0.928
--------------0.928
0.912
0.896
0.912
0.92
0.888
0.904
0.88
0.912
0.912
0.912
0.92
0.96
0.944
0.928
0.912
0.952
0.88
0.952
0.96
0.952
0.944
0.96
0.96
0.984
0.992
0.936
0.96
0.952
0.96
0.976
0.968
0.96
0.944
0.976
0.936
0.968
0.944
0.944
0.96
0.968
0.968
1.0
0.968
0.944
0.952
0.92
0.952
0.92
0.928
1.0
1.0
1.0
1.0
1.0
1.0
1.0
1.0
1.0
1.0
0.976
0.968
0.976
0.952
0.944
0.968
0.984
0.96
0.984
0.984
0.88
0.904
0.912
0.888
0.904
0.872
0.864
0.888
0.872
0.856
0.976
0.976
0.984
0.944
0.968
0.984
0.976
0.968
0.968
0.944
0.944
0.936
0.952
0.888
0.952
0.944
0.928
0.952
0.92
0.936
--------------0.944
0.952
0.92
0.96
0.92
0.936
0.952
0.912
0.936
0.928
0.88
0.904
0.92
0.904
0.888
0.904
0.936
0.84
0.952
0.904
0.96
0.904
0.976
0.928
0.984
0.976
0.928
0.936
0.968
0.92
0.992
0.984
1.0
0.976
0.992
0.976
0.992
0.976
0.984
1.0
0.944
0.96
0.992
0.952
0.96
0.952
0.928
0.952
0.928
0.92
1.0
1.0
1.0
1.0
1.0
1.0
1.0
1.0
1.0
1.0
0.96
0.944
0.96
0.92
0.928
0.936
0.96
0.92
0.96
0.944
0.88
0.904
0.912
0.888
0.904
0.872
0.864
0.888
0.872
0.856
0.928
0.936
0.952
0.936
0.976
0.944
0.944
0.936
0.928
0.928
0.92
0.904
0.912
0.92
0.976
0.912
0.888
0.928
0.92
0.936
--------------tensor(0.9324, dtype=torch.float64)
tensor(0.9466, dtype=torch.float64)
tensor(0.9413, dtype=torch.float64)
