0.728
0.704
0.728
0.736
0.72
0.752
0.72
0.72
0.648
0.72
0.856
0.824
0.856
0.824
0.84
0.84
0.864
0.84
0.824
0.808
0.856
0.864
0.896
0.88
0.88
0.872
0.888
0.912
0.872
0.84
0.896
0.896
0.896
0.96
0.896
0.92
0.92
0.848
0.912
0.88
0.864
0.872
0.896
0.888
0.856
0.896
0.848
0.88
0.888
0.872
0.768
0.72
0.712
0.744
0.752
0.768
0.752
0.776
0.784
0.744
0.904
0.816
0.808
0.816
0.848
0.84
0.784
0.816
0.76
0.808
0.696
0.72
0.696
0.696
0.624
0.72
0.704
0.728
0.72
0.696
0.728
0.696
0.688
0.712
0.704
0.72
0.68
0.72
0.696
0.688
0.88
0.88
0.88
0.912
0.88
0.848
0.92
0.848
0.88
0.904
--------------0.768
0.736
0.752
0.768
0.744
0.792
0.768
0.76
0.712
0.752
0.848
0.824
0.816
0.8
0.816
0.832
0.856
0.792
0.784
0.808
0.856
0.848
0.896
0.896
0.848
0.896
0.872
0.896
0.848
0.864
0.904
0.896
0.888
0.928
0.88
0.912
0.92
0.888
0.936
0.896
0.856
0.832
0.864
0.848
0.832
0.856
0.824
0.848
0.872
0.84
0.752
0.728
0.696
0.76
0.768
0.752
0.752
0.776
0.776
0.776
0.84
0.816
0.816
0.8
0.808
0.808
0.808
0.792
0.744
0.768
0.784
0.784
0.784
0.776
0.752
0.744
0.784
0.824
0.824
0.792
0.712
0.68
0.688
0.704
0.656
0.68
0.64
0.648
0.688
0.648
0.896
0.888
0.888
0.928
0.888
0.88
0.92
0.872
0.888
0.912
--------------0.76
0.72
0.728
0.76
0.744
0.776
0.752
0.744
0.68
0.752
0.864
0.832
0.856
0.832
0.848
0.856
0.864
0.84
0.832
0.816
0.864
0.864
0.896
0.896
0.88
0.896
0.896
0.912
0.872
0.856
0.88
0.888
0.904
0.936
0.88
0.904
0.904
0.872
0.912
0.888
0.856
0.848
0.872
0.864
0.848
0.864
0.824
0.872
0.872
0.848
0.768
0.736
0.72
0.76
0.768
0.768
0.752
0.776
0.792
0.776
0.832
0.824
0.816
0.784
0.808
0.808
0.792
0.792
0.752
0.752
0.8
0.768
0.768
0.752
0.736
0.72
0.8
0.84
0.784
0.752
0.72
0.68
0.672
0.68
0.656
0.688
0.64
0.632
0.688
0.656
0.896
0.88
0.88
0.912
0.904
0.864
0.92
0.856
0.904
0.912
--------------tensor(0.8068, dtype=torch.float64)
tensor(0.8106, dtype=torch.float64)
tensor(0.8116, dtype=torch.float64)
