0.808
0.8
0.72
0.72
0.792
0.784
0.776
0.752
0.76
0.744
0.576
0.64
0.624
0.536
0.568
0.608
0.496
0.616
0.616
0.592
0.648
0.656
0.736
0.752
0.672
0.744
0.656
0.624
0.704
0.664
0.712
0.712
0.696
0.648
0.752
0.696
0.728
0.68
0.656
0.736
0.68
0.64
0.672
0.648
0.6
0.728
0.624
0.704
0.624
0.712
0.6
0.656
0.6
0.608
0.6
0.656
0.68
0.608
0.656
0.712
0.616
0.696
0.616
0.736
0.632
0.72
0.736
0.712
0.624
0.728
0.704
0.608
0.624
0.64
0.704
0.624
0.648
0.632
0.632
0.648
0.744
0.712
0.744
0.624
0.728
0.664
0.736
0.744
0.68
0.76
0.736
0.768
0.832
0.736
0.88
0.784
0.808
0.832
0.784
0.776
--------------0.848
0.832
0.744
0.736
0.816
0.776
0.824
0.776
0.736
0.784
0.632
0.648
0.632
0.592
0.576
0.664
0.552
0.624
0.648
0.64
0.648
0.656
0.72
0.752
0.688
0.768
0.632
0.656
0.704
0.672
0.768
0.736
0.752
0.72
0.776
0.736
0.728
0.704
0.672
0.736
0.704
0.68
0.768
0.704
0.6
0.672
0.656
0.72
0.648
0.744
0.608
0.672
0.616
0.616
0.576
0.624
0.688
0.632
0.64
0.728
0.64
0.68
0.68
0.688
0.6
0.704
0.712
0.744
0.608
0.744
0.712
0.616
0.656
0.648
0.672
0.624
0.632
0.68
0.624
0.656
0.752
0.728
0.752
0.624
0.744
0.68
0.72
0.776
0.672
0.752
0.76
0.8
0.816
0.744
0.88
0.816
0.824
0.864
0.816
0.784
--------------0.824
0.832
0.752
0.744
0.8
0.776
0.792
0.808
0.752
0.776
0.624
0.632
0.64
0.568
0.616
0.64
0.568
0.616
0.656
0.608
0.632
0.664
0.72
0.736
0.696
0.776
0.608
0.656
0.712
0.68
0.752
0.728
0.712
0.688
0.792
0.736
0.728
0.72
0.68
0.744
0.704
0.688
0.744
0.672
0.6
0.736
0.648
0.72
0.672
0.744
0.64
0.656
0.64
0.592
0.608
0.688
0.712
0.616
0.656
0.728
0.64
0.696
0.672
0.712
0.608
0.72
0.752
0.744
0.656
0.728
0.72
0.688
0.656
0.64
0.72
0.616
0.656
0.672
0.616
0.64
0.744
0.744
0.752
0.632
0.768
0.696
0.744
0.776
0.68
0.76
0.728
0.808
0.84
0.752
0.888
0.808
0.824
0.848
0.824
0.8
--------------tensor(0.6876, dtype=torch.float64)
tensor(0.7022, dtype=torch.float64)
tensor(0.7062, dtype=torch.float64)
