0.704
0.776
0.816
0.808
0.76
0.768
0.776
0.744
0.696
0.808
0.32
0.296
0.352
0.32
0.344
0.312
0.344
0.32
0.328
0.376
0.608
0.6
0.552
0.624
0.656
0.6
0.568
0.648
0.584
0.664
0.656
0.704
0.752
0.72
0.792
0.736
0.712
0.712
0.656
0.808
0.76
0.68
0.752
0.768
0.776
0.776
0.736
0.656
0.712
0.696
0.592
0.536
0.504
0.568
0.552
0.552
0.584
0.68
0.512
0.496
0.632
0.544
0.616
0.504
0.512
0.552
0.576
0.568
0.616
0.552
0.792
0.816
0.752
0.76
0.792
0.824
0.776
0.776
0.752
0.792
0.568
0.704
0.672
0.616
0.592
0.688
0.584
0.656
0.712
0.72
0.664
0.76
0.672
0.656
0.728
0.768
0.72
0.696
0.76
0.696
--------------0.72
0.776
0.8
0.84
0.792
0.752
0.792
0.728
0.72
0.8
0.424
0.344
0.48
0.424
0.448
0.408
0.416
0.384
0.4
0.48
0.656
0.608
0.584
0.64
0.656
0.632
0.584
0.656
0.608
0.64
0.712
0.72
0.744
0.712
0.792
0.776
0.744
0.688
0.688
0.76
0.76
0.664
0.704
0.76
0.744
0.704
0.728
0.64
0.688
0.72
0.624
0.592
0.552
0.64
0.56
0.632
0.632
0.68
0.576
0.544
0.664
0.616
0.624
0.56
0.544
0.632
0.616
0.632
0.624
0.592
0.792
0.784
0.728
0.792
0.752
0.808
0.784
0.792
0.784
0.736
0.536
0.736
0.712
0.632
0.624
0.72
0.584
0.656
0.72
0.704
0.72
0.76
0.632
0.664
0.736
0.768
0.736
0.736
0.776
0.696
--------------0.712
0.8
0.8
0.824
0.808
0.776
0.784
0.728
0.712
0.808
0.432
0.352
0.464
0.432
0.456
0.4
0.408
0.392
0.36
0.44
0.632
0.6
0.568
0.648
0.632
0.656
0.592
0.664
0.6
0.68
0.728
0.736
0.768
0.736
0.792
0.784
0.76
0.736
0.688
0.816
0.768
0.688
0.728
0.784
0.8
0.736
0.728
0.648
0.704
0.68
0.616
0.584
0.544
0.632
0.56
0.632
0.632
0.704
0.576
0.544
0.672
0.608
0.616
0.552
0.56
0.584
0.608
0.64
0.624
0.6
0.768
0.776
0.76
0.768
0.784
0.792
0.784
0.784
0.776
0.776
0.576
0.728
0.704
0.608
0.624
0.72
0.584
0.64
0.752
0.712
0.736
0.76
0.648
0.672
0.752
0.776
0.728
0.728
0.76
0.704
--------------tensor(0.6434, dtype=torch.float64)
tensor(0.6638, dtype=torch.float64)
tensor(0.6674, dtype=torch.float64)
