0.72
0.704
0.624
0.648
0.736
0.752
0.72
0.704
0.712
0.672
0.712
0.664
0.656
0.64
0.656
0.648
0.696
0.648
0.712
0.664
0.592
0.664
0.656
0.704
0.616
0.64
0.664
0.672
0.664
0.568
0.672
0.648
0.672
0.696
0.648
0.72
0.624
0.672
0.68
0.616
0.528
0.584
0.52
0.56
0.608
0.52
0.512
0.472
0.44
0.52
0.68
0.672
0.592
0.624
0.616
0.624
0.592
0.528
0.608
0.592
0.56
0.496
0.608
0.576
0.568
0.536
0.528
0.536
0.504
0.52
0.584
0.512
0.448
0.504
0.544
0.576
0.512
0.552
0.56
0.536
0.632
0.616
0.648
0.688
0.592
0.664
0.624
0.664
0.696
0.656
0.712
0.72
0.776
0.736
0.72
0.808
0.76
0.712
0.8
0.744
--------------0.736
0.704
0.656
0.744
0.808
0.784
0.752
0.744
0.712
0.688
0.736
0.712
0.656
0.648
0.656
0.656
0.696
0.664
0.76
0.664
0.656
0.632
0.672
0.68
0.64
0.68
0.688
0.688
0.696
0.608
0.672
0.672
0.712
0.704
0.632
0.784
0.648
0.736
0.72
0.664
0.528
0.584
0.56
0.512
0.6
0.512
0.512
0.464
0.432
0.504
0.672
0.688
0.584
0.616
0.592
0.664
0.6
0.576
0.64
0.584
0.584
0.584
0.672
0.648
0.616
0.616
0.576
0.584
0.528
0.584
0.552
0.52
0.496
0.504
0.52
0.608
0.544
0.504
0.544
0.52
0.616
0.64
0.664
0.664
0.6
0.632
0.624
0.672
0.696
0.648
0.736
0.72
0.784
0.792
0.728
0.84
0.784
0.76
0.84
0.784
--------------0.768
0.752
0.68
0.744
0.816
0.784
0.744
0.744
0.744
0.704
0.72
0.72
0.656
0.656
0.68
0.664
0.72
0.672
0.76
0.664
0.608
0.648
0.712
0.688
0.632
0.64
0.688
0.704
0.712
0.592
0.688
0.68
0.704
0.688
0.656
0.76
0.64
0.704
0.704
0.672
0.544
0.6
0.552
0.528
0.616
0.504
0.528
0.432
0.448
0.528
0.68
0.664
0.584
0.632
0.616
0.68
0.592
0.584
0.6
0.576
0.584
0.6
0.648
0.664
0.592
0.592
0.568
0.576
0.536
0.6
0.568
0.52
0.48
0.496
0.544
0.56
0.536
0.528
0.552
0.52
0.608
0.648
0.64
0.688
0.592
0.68
0.632
0.656
0.696
0.632
0.744
0.744
0.776
0.752
0.72
0.84
0.8
0.744
0.84
0.8
--------------tensor(0.6290, dtype=torch.float64)
tensor(0.6471, dtype=torch.float64)
tensor(0.6490, dtype=torch.float64)
