0.704
0.736
0.712
0.704
0.712
0.76
0.688
0.736
0.688
0.728
0.696
0.704
0.784
0.784
0.744
0.76
0.768
0.76
0.76
0.744
0.536
0.544
0.552
0.64
0.544
0.576
0.528
0.536
0.544
0.496
0.768
0.776
0.72
0.776
0.776
0.696
0.768
0.704
0.72
0.76
0.576
0.552
0.528
0.496
0.576
0.448
0.512
0.496
0.52
0.504
0.576
0.56
0.52
0.52
0.584
0.512
0.6
0.544
0.528
0.496
0.808
0.784
0.808
0.736
0.76
0.688
0.776
0.76
0.728
0.68
0.736
0.728
0.656
0.72
0.648
0.704
0.72
0.688
0.72
0.76
0.768
0.816
0.8
0.808
0.824
0.792
0.808
0.76
0.72
0.808
0.696
0.728
0.776
0.76
0.808
0.712
0.728
0.712
0.752
0.704
--------------0.72
0.744
0.744
0.688
0.752
0.752
0.72
0.76
0.72
0.76
0.752
0.736
0.792
0.792
0.76
0.72
0.808
0.776
0.84
0.768
0.576
0.536
0.536
0.632
0.576
0.592
0.544
0.552
0.52
0.496
0.76
0.712
0.736
0.784
0.76
0.736
0.768
0.656
0.68
0.744
0.56
0.544
0.544
0.512
0.568
0.472
0.496
0.512
0.536
0.504
0.584
0.592
0.544
0.584
0.64
0.568
0.616
0.568
0.528
0.544
0.824
0.84
0.84
0.776
0.784
0.768
0.8
0.824
0.8
0.728
0.728
0.768
0.64
0.712
0.68
0.728
0.728
0.68
0.76
0.776
0.776
0.824
0.816
0.816
0.824
0.816
0.856
0.8
0.8
0.84
0.704
0.792
0.784
0.752
0.808
0.72
0.72
0.728
0.752
0.72
--------------0.712
0.768
0.744
0.704
0.76
0.76
0.696
0.76
0.72
0.744
0.744
0.8
0.8
0.792
0.792
0.76
0.776
0.792
0.856
0.76
0.552
0.544
0.552
0.664
0.56
0.584
0.536
0.544
0.528
0.512
0.768
0.76
0.72
0.776
0.776
0.736
0.76
0.656
0.728
0.752
0.576
0.544
0.536
0.496
0.576
0.464
0.504
0.504
0.544
0.512
0.6
0.616
0.544
0.608
0.624
0.568
0.624
0.544
0.536
0.52
0.856
0.856
0.864
0.784
0.792
0.784
0.824
0.84
0.808
0.736
0.752
0.76
0.688
0.768
0.672
0.728
0.752
0.696
0.76
0.8
0.808
0.848
0.808
0.832
0.848
0.824
0.856
0.816
0.816
0.84
0.704
0.768
0.776
0.744
0.824
0.728
0.728
0.728
0.752
0.712
--------------tensor(0.6817, dtype=torch.float64)
tensor(0.6985, dtype=torch.float64)
tensor(0.7057, dtype=torch.float64)
