0.712
0.688
0.648
0.696
0.648
0.672
0.664
0.688
0.672
0.632
0.704
0.64
0.704
0.68
0.68
0.704
0.72
0.696
0.752
0.616
0.696
0.744
0.752
0.736
0.696
0.704
0.72
0.704
0.696
0.712
0.888
0.824
0.88
0.904
0.856
0.792
0.856
0.824
0.856
0.88
0.704
0.76
0.68
0.76
0.736
0.76
0.744
0.728
0.744
0.68
0.84
0.896
0.832
0.84
0.776
0.832
0.864
0.856
0.856
0.832
0.688
0.648
0.64
0.672
0.536
0.536
0.6
0.688
0.592
0.616
0.624
0.592
0.704
0.656
0.704
0.696
0.656
0.704
0.672
0.712
0.792
0.744
0.776
0.76
0.792
0.728
0.784
0.8
0.76
0.768
0.784
0.68
0.728
0.752
0.704
0.776
0.696
0.704
0.704
0.76
--------------0.768
0.768
0.728
0.752
0.712
0.72
0.76
0.768
0.768
0.72
0.728
0.632
0.704
0.704
0.696
0.744
0.712
0.696
0.76
0.648
0.728
0.744
0.744
0.744
0.664
0.704
0.696
0.704
0.672
0.712
0.872
0.848
0.872
0.92
0.872
0.832
0.872
0.856
0.896
0.912
0.696
0.728
0.672
0.76
0.72
0.728
0.744
0.744
0.712
0.664
0.816
0.88
0.832
0.84
0.792
0.864
0.88
0.84
0.864
0.848
0.648
0.616
0.608
0.648
0.504
0.504
0.576
0.664
0.552
0.584
0.696
0.664
0.736
0.68
0.76
0.712
0.688
0.76
0.688
0.728
0.792
0.784
0.752
0.76
0.84
0.752
0.8
0.832
0.768
0.776
0.784
0.744
0.728
0.776
0.752
0.816
0.744
0.776
0.704
0.792
--------------0.776
0.752
0.728
0.768
0.752
0.752
0.72
0.744
0.736
0.68
0.712
0.648
0.704
0.688
0.696
0.752
0.736
0.704
0.768
0.656
0.72
0.744
0.744
0.736
0.672
0.696
0.72
0.688
0.688
0.728
0.88
0.856
0.888
0.952
0.872
0.832
0.864
0.848
0.896
0.888
0.704
0.76
0.672
0.744
0.736
0.736
0.76
0.72
0.72
0.696
0.856
0.888
0.832
0.848
0.776
0.832
0.872
0.864
0.864
0.84
0.648
0.616
0.624
0.672
0.504
0.512
0.608
0.672
0.544
0.592
0.72
0.632
0.736
0.696
0.752
0.704
0.704
0.736
0.72
0.728
0.816
0.808
0.768
0.776
0.832
0.76
0.792
0.856
0.744
0.784
0.8
0.736
0.736
0.784
0.768
0.768
0.72
0.72
0.712
0.792
--------------tensor(0.7298, dtype=torch.float64)
tensor(0.7446, dtype=torch.float64)
tensor(0.7470, dtype=torch.float64)
