0.744
0.768
0.856
0.784
0.792
0.768
0.832
0.72
0.704
0.824
0.928
0.824
0.912
0.92
0.936
0.944
0.912
0.888
0.92
0.936
0.768
0.856
0.84
0.824
0.768
0.72
0.72
0.76
0.768
0.776
0.768
0.832
0.784
0.8
0.8
0.8
0.856
0.792
0.84
0.784
0.952
0.928
0.896
0.904
0.936
0.936
0.96
0.936
0.936
0.912
0.824
0.8
0.832
0.88
0.824
0.856
0.848
0.856
0.8
0.856
0.744
0.832
0.688
0.84
0.792
0.784
0.76
0.784
0.728
0.744
0.864
0.888
0.872
0.88
0.832
0.88
0.872
0.904
0.864
0.864
0.792
0.888
0.864
0.728
0.84
0.8
0.856
0.816
0.8
0.872
0.856
0.784
0.888
0.816
0.864
0.848
0.824
0.904
0.824
0.784
--------------0.832
0.808
0.84
0.832
0.848
0.832
0.872
0.816
0.792
0.872
0.912
0.88
0.912
0.936
0.928
0.928
0.912
0.896
0.92
0.928
0.784
0.808
0.768
0.792
0.744
0.696
0.728
0.736
0.784
0.784
0.8
0.8
0.8
0.816
0.816
0.808
0.88
0.872
0.888
0.848
0.96
0.928
0.904
0.912
0.96
0.944
0.968
0.928
0.952
0.896
0.84
0.84
0.872
0.896
0.856
0.856
0.848
0.896
0.824
0.84
0.776
0.824
0.752
0.872
0.808
0.84
0.792
0.84
0.776
0.8
0.864
0.888
0.896
0.904
0.84
0.92
0.88
0.896
0.872
0.872
0.824
0.904
0.904
0.752
0.872
0.824
0.872
0.824
0.832
0.88
0.864
0.84
0.896
0.816
0.832
0.832
0.816
0.904
0.84
0.832
--------------0.784
0.808
0.856
0.832
0.824
0.824
0.904
0.808
0.8
0.848
0.928
0.872
0.928
0.896
0.928
0.944
0.928
0.904
0.912
0.928
0.784
0.824
0.808
0.816
0.752
0.72
0.728
0.76
0.776
0.792
0.792
0.84
0.776
0.792
0.808
0.8
0.88
0.824
0.848
0.808
0.968
0.928
0.92
0.912
0.952
0.936
0.952
0.92
0.928
0.904
0.848
0.824
0.84
0.896
0.872
0.872
0.856
0.904
0.84
0.872
0.792
0.848
0.752
0.88
0.816
0.824
0.808
0.856
0.768
0.8
0.872
0.912
0.896
0.88
0.832
0.92
0.864
0.912
0.872
0.88
0.824
0.904
0.896
0.776
0.864
0.808
0.872
0.84
0.84
0.88
0.872
0.824
0.904
0.84
0.88
0.848
0.84
0.896
0.84
0.808
--------------tensor(0.8350, dtype=torch.float64)
tensor(0.8524, dtype=torch.float64)
tensor(0.8537, dtype=torch.float64)
