0.664
0.576
0.624
0.648
0.648
0.6
0.632
0.648
0.68
0.688
0.744
0.744
0.728
0.736
0.776
0.696
0.792
0.824
0.736
0.72
0.656
0.648
0.616
0.632
0.712
0.584
0.648
0.6
0.624
0.632
0.592
0.616
0.616
0.608
0.608
0.648
0.592
0.6
0.608
0.6
0.6
0.624
0.656
0.616
0.656
0.576
0.624
0.616
0.56
0.528
0.68
0.64
0.64
0.68
0.672
0.648
0.68
0.688
0.712
0.712
0.752
0.792
0.792
0.776
0.768
0.712
0.688
0.688
0.8
0.792
0.712
0.784
0.768
0.712
0.752
0.728
0.704
0.712
0.76
0.792
0.696
0.672
0.624
0.688
0.696
0.648
0.68
0.664
0.656
0.656
0.752
0.72
0.84
0.792
0.744
0.808
0.776
0.768
0.712
0.768
--------------0.712
0.616
0.68
0.68
0.656
0.672
0.704
0.672
0.744
0.744
0.736
0.8
0.768
0.776
0.744
0.736
0.808
0.848
0.784
0.744
0.728
0.696
0.672
0.68
0.712
0.624
0.656
0.64
0.68
0.68
0.664
0.688
0.664
0.648
0.68
0.712
0.656
0.688
0.696
0.64
0.64
0.608
0.688
0.64
0.696
0.6
0.672
0.624
0.592
0.568
0.712
0.664
0.664
0.672
0.736
0.672
0.672
0.688
0.704
0.728
0.76
0.768
0.776
0.76
0.744
0.728
0.656
0.728
0.776
0.792
0.736
0.808
0.808
0.768
0.776
0.752
0.768
0.776
0.8
0.776
0.728
0.712
0.672
0.736
0.704
0.72
0.696
0.712
0.728
0.712
0.752
0.72
0.832
0.776
0.752
0.792
0.784
0.752
0.768
0.784
--------------0.728
0.624
0.688
0.696
0.72
0.704
0.68
0.696
0.744
0.744
0.728
0.768
0.76
0.768
0.768
0.744
0.824
0.816
0.768
0.744
0.728
0.696
0.688
0.688
0.728
0.648
0.696
0.64
0.672
0.688
0.656
0.688
0.648
0.632
0.68
0.712
0.632
0.672
0.68
0.648
0.64
0.632
0.664
0.648
0.704
0.592
0.648
0.632
0.552
0.544
0.696
0.632
0.648
0.672
0.704
0.664
0.688
0.688
0.712
0.712
0.712
0.744
0.736
0.76
0.752
0.704
0.656
0.64
0.784
0.776
0.712
0.792
0.792
0.72
0.76
0.744
0.728
0.76
0.792
0.808
0.704
0.736
0.672
0.744
0.736
0.72
0.688
0.672
0.736
0.696
0.768
0.752
0.848
0.784
0.76
0.792
0.784
0.776
0.736
0.792
--------------tensor(0.6850, dtype=torch.float64)
tensor(0.7146, dtype=torch.float64)
tensor(0.7107, dtype=torch.float64)
