0.784
0.856
0.784
0.856
0.768
0.784
0.816
0.728
0.808
0.8
0.8
0.816
0.76
0.784
0.808
0.784
0.784
0.752
0.752
0.864
0.816
0.784
0.84
0.8
0.88
0.808
0.824
0.904
0.864
0.856
0.912
0.808
0.888
0.808
0.856
0.864
0.856
0.872
0.88
0.864
0.752
0.856
0.72
0.832
0.776
0.776
0.832
0.736
0.736
0.776
0.792
0.792
0.856
0.84
0.816
0.784
0.816
0.744
0.808
0.824
0.88
0.84
0.888
0.88
0.816
0.888
0.856
0.88
0.88
0.84
0.768
0.864
0.784
0.848
0.776
0.864
0.832
0.824
0.84
0.864
0.88
0.88
0.928
0.896
0.896
0.864
0.904
0.944
0.904
0.864
0.92
0.864
0.872
0.904
0.88
0.888
0.856
0.8
0.888
0.832
--------------0.808
0.88
0.816
0.864
0.792
0.824
0.832
0.768
0.832
0.824
0.832
0.872
0.824
0.8
0.808
0.808
0.792
0.792
0.808
0.864
0.872
0.8
0.896
0.84
0.888
0.864
0.864
0.92
0.896
0.88
0.96
0.864
0.96
0.888
0.936
0.936
0.92
0.944
0.944
0.904
0.76
0.816
0.76
0.856
0.744
0.832
0.84
0.776
0.768
0.808
0.856
0.88
0.912
0.904
0.848
0.824
0.888
0.808
0.84
0.856
0.896
0.84
0.92
0.896
0.848
0.896
0.856
0.92
0.88
0.864
0.776
0.856
0.784
0.824
0.752
0.808
0.84
0.816
0.824
0.832
0.912
0.88
0.912
0.92
0.912
0.896
0.936
0.96
0.904
0.92
0.912
0.88
0.88
0.92
0.88
0.904
0.864
0.856
0.896
0.856
--------------0.8
0.872
0.808
0.872
0.8
0.824
0.776
0.784
0.84
0.808
0.832
0.848
0.784
0.792
0.816
0.792
0.792
0.776
0.744
0.84
0.824
0.776
0.888
0.832
0.888
0.848
0.848
0.904
0.872
0.896
0.952
0.848
0.952
0.88
0.92
0.936
0.888
0.944
0.944
0.88
0.784
0.84
0.728
0.824
0.776
0.808
0.864
0.776
0.752
0.768
0.832
0.904
0.904
0.92
0.848
0.816
0.872
0.776
0.832
0.824
0.888
0.864
0.92
0.904
0.864
0.904
0.864
0.944
0.896
0.88
0.768
0.824
0.792
0.856
0.72
0.832
0.8
0.792
0.824
0.824
0.928
0.896
0.92
0.912
0.904
0.88
0.904
0.96
0.912
0.92
0.904
0.864
0.872
0.904
0.872
0.904
0.856
0.848
0.888
0.84
--------------tensor(0.8331, dtype=torch.float64)
tensor(0.8592, dtype=torch.float64)
tensor(0.8522, dtype=torch.float64)
