0.696
0.744
0.704
0.704
0.696
0.696
0.76
0.648
0.656
0.68
0.592
0.656
0.688
0.632
0.64
0.744
0.704
0.616
0.664
0.656
0.624
0.648
0.64
0.576
0.664
0.672
0.608
0.584
0.64
0.6
0.832
0.8
0.848
0.84
0.816
0.792
0.768
0.728
0.824
0.832
0.824
0.808
0.784
0.848
0.84
0.872
0.84
0.88
0.8
0.832
0.728
0.8
0.824
0.76
0.768
0.8
0.784
0.752
0.768
0.744
0.752
0.72
0.8
0.72
0.752
0.704
0.688
0.728
0.704
0.712
0.712
0.728
0.744
0.752
0.752
0.68
0.72
0.72
0.728
0.744
0.744
0.76
0.776
0.752
0.808
0.784
0.76
0.768
0.736
0.728
0.68
0.728
0.704
0.632
0.664
0.68
0.712
0.784
0.696
0.672
--------------0.76
0.784
0.776
0.8
0.76
0.752
0.784
0.688
0.736
0.776
0.656
0.752
0.688
0.68
0.712
0.784
0.728
0.664
0.68
0.64
0.712
0.696
0.752
0.688
0.752
0.712
0.672
0.68
0.736
0.688
0.848
0.84
0.84
0.864
0.848
0.824
0.8
0.76
0.88
0.88
0.888
0.84
0.8
0.864
0.832
0.928
0.904
0.896
0.856
0.88
0.736
0.808
0.792
0.784
0.8
0.752
0.8
0.8
0.784
0.728
0.864
0.832
0.848
0.808
0.84
0.776
0.816
0.768
0.776
0.808
0.76
0.768
0.784
0.784
0.784
0.672
0.76
0.744
0.768
0.784
0.784
0.832
0.832
0.76
0.808
0.816
0.832
0.856
0.776
0.792
0.72
0.792
0.704
0.712
0.752
0.76
0.792
0.744
0.768
0.696
--------------0.792
0.784
0.784
0.776
0.76
0.8
0.776
0.704
0.76
0.776
0.656
0.744
0.688
0.648
0.64
0.768
0.744
0.664
0.68
0.672
0.712
0.744
0.776
0.712
0.752
0.728
0.704
0.672
0.736
0.68
0.84
0.816
0.856
0.864
0.832
0.832
0.8
0.744
0.872
0.848
0.864
0.848
0.784
0.872
0.864
0.912
0.896
0.896
0.824
0.856
0.76
0.792
0.808
0.784
0.808
0.776
0.784
0.76
0.752
0.736
0.824
0.808
0.84
0.784
0.824
0.744
0.76
0.768
0.784
0.816
0.744
0.752
0.768
0.76
0.776
0.696
0.744
0.752
0.744
0.752
0.776
0.816
0.824
0.76
0.8
0.784
0.824
0.824
0.776
0.776
0.696
0.728
0.688
0.672
0.776
0.752
0.784
0.784
0.768
0.712
--------------tensor(0.7310, dtype=torch.float64)
tensor(0.7782, dtype=torch.float64)
tensor(0.7727, dtype=torch.float64)
