0.776
0.736
0.776
0.808
0.784
0.816
0.736
0.744
0.768
0.72
0.808
0.808
0.784
0.832
0.816
0.784
0.816
0.776
0.792
0.84
0.84
0.784
0.816
0.752
0.8
0.776
0.752
0.776
0.768
0.744
0.64
0.672
0.712
0.704
0.672
0.688
0.664
0.6
0.688
0.712
0.808
0.888
0.856
0.808
0.84
0.856
0.88
0.8
0.8
0.816
0.648
0.624
0.68
0.648
0.672
0.704
0.592
0.64
0.608
0.624
0.928
0.832
0.832
0.872
0.864
0.904
0.864
0.904
0.864
0.888
0.752
0.768
0.76
0.808
0.784
0.792
0.768
0.776
0.76
0.784
0.784
0.8
0.808
0.72
0.792
0.76
0.824
0.808
0.8
0.816
0.736
0.752
0.768
0.744
0.752
0.768
0.696
0.68
0.744
0.688
--------------0.784
0.768
0.816
0.8
0.808
0.848
0.76
0.8
0.8
0.776
0.84
0.848
0.832
0.816
0.832
0.84
0.832
0.824
0.832
0.84
0.84
0.856
0.864
0.776
0.792
0.832
0.792
0.824
0.816
0.768
0.728
0.744
0.736
0.76
0.72
0.784
0.76
0.68
0.744
0.768
0.864
0.912
0.864
0.848
0.92
0.888
0.912
0.84
0.856
0.864
0.752
0.84
0.832
0.8
0.792
0.784
0.792
0.728
0.736
0.696
0.928
0.856
0.832
0.88
0.896
0.912
0.896
0.92
0.888
0.912
0.76
0.792
0.8
0.816
0.824
0.808
0.784
0.816
0.768
0.8
0.776
0.784
0.792
0.76
0.808
0.76
0.808
0.84
0.8
0.84
0.768
0.816
0.824
0.776
0.824
0.816
0.76
0.776
0.792
0.76
--------------0.76
0.744
0.792
0.816
0.792
0.832
0.76
0.792
0.8
0.76
0.84
0.848
0.784
0.808
0.792
0.768
0.808
0.776
0.856
0.848
0.856
0.84
0.856
0.776
0.792
0.808
0.784
0.84
0.8
0.76
0.752
0.712
0.76
0.768
0.704
0.768
0.8
0.688
0.752
0.784
0.864
0.896
0.888
0.84
0.896
0.864
0.888
0.832
0.824
0.824
0.736
0.784
0.816
0.752
0.792
0.792
0.76
0.752
0.712
0.68
0.936
0.856
0.832
0.88
0.888
0.896
0.896
0.912
0.88
0.92
0.752
0.784
0.792
0.824
0.808
0.816
0.8
0.784
0.76
0.8
0.768
0.8
0.8
0.728
0.784
0.768
0.824
0.808
0.816
0.816
0.768
0.792
0.824
0.752
0.816
0.808
0.744
0.776
0.768
0.768
--------------tensor(0.7682, dtype=torch.float64)
tensor(0.8117, dtype=torch.float64)
tensor(0.8031, dtype=torch.float64)
