0.52
0.52
0.488
0.52
0.552
0.52
0.488
0.528
0.512
0.536
0.528
0.568
0.552
0.52
0.504
0.512
0.528
0.528
0.544
0.552
0.568
0.592
0.64
0.64
0.632
0.624
0.584
0.6
0.576
0.648
0.656
0.64
0.672
0.584
0.6
0.584
0.576
0.608
0.6
0.6
0.808
0.768
0.84
0.776
0.752
0.84
0.824
0.864
0.768
0.888
0.512
0.496
0.592
0.552
0.528
0.56
0.448
0.512
0.528
0.528
0.712
0.704
0.688
0.736
0.776
0.744
0.792
0.76
0.736
0.672
0.624
0.696
0.672
0.656
0.688
0.712
0.648
0.664
0.68
0.64
0.84
0.76
0.744
0.712
0.792
0.76
0.808
0.76
0.824
0.784
0.648
0.664
0.648
0.68
0.648
0.624
0.608
0.608
0.632
0.648
--------------0.512
0.496
0.488
0.528
0.568
0.52
0.504
0.568
0.472
0.528
0.552
0.552
0.584
0.552
0.536
0.528
0.536
0.536
0.56
0.584
0.616
0.632
0.64
0.688
0.656
0.624
0.64
0.64
0.648
0.656
0.664
0.632
0.664
0.568
0.592
0.6
0.576
0.6
0.608
0.576
0.832
0.792
0.824
0.832
0.752
0.824
0.832
0.832
0.816
0.88
0.528
0.504
0.536
0.528
0.528
0.6
0.48
0.52
0.544
0.52
0.76
0.76
0.736
0.832
0.84
0.84
0.816
0.84
0.792
0.768
0.608
0.64
0.656
0.672
0.672
0.68
0.632
0.672
0.664
0.656
0.84
0.792
0.76
0.784
0.8
0.792
0.84
0.76
0.816
0.8
0.664
0.648
0.68
0.696
0.672
0.624
0.608
0.664
0.632
0.656
--------------0.504
0.464
0.472
0.504
0.552
0.52
0.472
0.544
0.456
0.536
0.552
0.552
0.584
0.552
0.528
0.52
0.528
0.536
0.544
0.576
0.624
0.616
0.632
0.68
0.64
0.632
0.608
0.624
0.648
0.656
0.656
0.656
0.672
0.592
0.608
0.616
0.616
0.616
0.6
0.592
0.832
0.76
0.84
0.824
0.776
0.84
0.816
0.864
0.8
0.896
0.488
0.48
0.512
0.52
0.472
0.576
0.456
0.504
0.52
0.488
0.736
0.776
0.72
0.792
0.824
0.808
0.808
0.832
0.784
0.752
0.624
0.648
0.68
0.664
0.68
0.688
0.664
0.68
0.656
0.648
0.84
0.784
0.776
0.784
0.808
0.776
0.84
0.752
0.824
0.808
0.672
0.664
0.672
0.688
0.672
0.632
0.608
0.624
0.648
0.68
--------------tensor(0.6432, dtype=torch.float64)
tensor(0.6579, dtype=torch.float64)
tensor(0.6536, dtype=torch.float64)
