0.616
0.6
0.536
0.576
0.576
0.56
0.56
0.592
0.56
0.592
0.832
0.816
0.76
0.808
0.792
0.832
0.816
0.856
0.816
0.832
0.68
0.768
0.824
0.768
0.84
0.768
0.76
0.784
0.768
0.792
0.656
0.72
0.656
0.672
0.696
0.68
0.696
0.704
0.776
0.704
0.704
0.688
0.696
0.696
0.656
0.656
0.712
0.68
0.656
0.688
0.768
0.776
0.824
0.8
0.784
0.712
0.728
0.768
0.776
0.808
0.68
0.784
0.704
0.696
0.776
0.736
0.744
0.704
0.72
0.744
0.624
0.672
0.568
0.592
0.6
0.6
0.6
0.592
0.576
0.6
0.712
0.72
0.672
0.712
0.68
0.656
0.688
0.712
0.712
0.664
0.536
0.544
0.464
0.472
0.504
0.496
0.512
0.48
0.496
0.48
--------------0.552
0.576
0.512
0.536
0.512
0.552
0.552
0.544
0.496
0.568
0.856
0.776
0.8
0.84
0.824
0.816
0.824
0.88
0.872
0.864
0.704
0.76
0.808
0.776
0.848
0.76
0.76
0.784
0.76
0.808
0.664
0.72
0.712
0.712
0.72
0.68
0.688
0.704
0.728
0.728
0.76
0.688
0.688
0.712
0.64
0.664
0.72
0.72
0.672
0.72
0.776
0.784
0.848
0.832
0.8
0.744
0.752
0.784
0.808
0.816
0.736
0.76
0.728
0.776
0.744
0.776
0.776
0.712
0.752
0.784
0.624
0.632
0.608
0.624
0.664
0.64
0.608
0.6
0.584
0.6
0.792
0.76
0.72
0.728
0.752
0.72
0.728
0.752
0.784
0.784
0.552
0.528
0.496
0.496
0.512
0.504
0.504
0.496
0.496
0.464
--------------0.552
0.568
0.52
0.552
0.504
0.528
0.552
0.544
0.504
0.552
0.864
0.816
0.792
0.84
0.832
0.824
0.84
0.88
0.88
0.84
0.712
0.76
0.816
0.768
0.832
0.76
0.784
0.792
0.76
0.816
0.664
0.728
0.704
0.696
0.72
0.664
0.688
0.704
0.728
0.712
0.744
0.728
0.728
0.72
0.664
0.68
0.728
0.728
0.672
0.736
0.816
0.792
0.864
0.816
0.808
0.736
0.744
0.784
0.816
0.8
0.744
0.752
0.744
0.752
0.76
0.792
0.744
0.72
0.752
0.824
0.608
0.664
0.616
0.624
0.648
0.632
0.608
0.616
0.592
0.584
0.792
0.768
0.752
0.736
0.736
0.72
0.712
0.752
0.8
0.776
0.568
0.552
0.512
0.52
0.544
0.512
0.512
0.488
0.512
0.48
--------------tensor(0.6844, dtype=torch.float64)
tensor(0.6980, dtype=torch.float64)
tensor(0.7022, dtype=torch.float64)
