0.584
0.56
0.464
0.52
0.536
0.496
0.536
0.528
0.448
0.528
0.648
0.656
0.592
0.6
0.616
0.672
0.592
0.688
0.544
0.608
0.528
0.464
0.488
0.464
0.496
0.576
0.528
0.496
0.48
0.544
0.68
0.64
0.672
0.592
0.648
0.624
0.624
0.6
0.64
0.632
0.768
0.704
0.792
0.752
0.736
0.688
0.72
0.712
0.8
0.672
0.728
0.744
0.728
0.688
0.672
0.664
0.68
0.696
0.656
0.688
0.784
0.736
0.72
0.76
0.656
0.816
0.712
0.792
0.792
0.76
0.568
0.552
0.56
0.608
0.576
0.528
0.592
0.536
0.496
0.568
0.848
0.824
0.808
0.808
0.84
0.808
0.856
0.808
0.752
0.784
0.656
0.616
0.6
0.632
0.608
0.64
0.64
0.672
0.6
0.696
--------------0.576
0.552
0.472
0.528
0.568
0.496
0.544
0.552
0.472
0.504
0.648
0.688
0.616
0.584
0.672
0.664
0.64
0.672
0.56
0.6
0.536
0.512
0.528
0.48
0.568
0.624
0.6
0.536
0.536
0.528
0.704
0.648
0.648
0.648
0.624
0.624
0.648
0.64
0.672
0.632
0.736
0.728
0.776
0.768
0.776
0.704
0.752
0.72
0.792
0.64
0.696
0.744
0.752
0.656
0.696
0.68
0.68
0.712
0.656
0.72
0.784
0.776
0.72
0.76
0.672
0.8
0.688
0.784
0.768
0.728
0.6
0.576
0.592
0.616
0.584
0.536
0.608
0.552
0.504
0.576
0.848
0.864
0.816
0.824
0.856
0.808
0.888
0.848
0.792
0.808
0.664
0.6
0.576
0.68
0.592
0.656
0.648
0.664
0.616
0.688
--------------0.56
0.552
0.456
0.536
0.552
0.488
0.536
0.536
0.48
0.512
0.656
0.696
0.608
0.616
0.664
0.68
0.64
0.688
0.576
0.616
0.528
0.512
0.528
0.488
0.536
0.632
0.624
0.576
0.512
0.584
0.664
0.648
0.648
0.632
0.616
0.6
0.656
0.648
0.648
0.592
0.76
0.752
0.776
0.776
0.776
0.712
0.744
0.696
0.8
0.656
0.712
0.76
0.752
0.632
0.68
0.664
0.712
0.688
0.672
0.704
0.792
0.784
0.72
0.776
0.704
0.816
0.728
0.784
0.792
0.76
0.576
0.576
0.576
0.616
0.584
0.536
0.632
0.584
0.504
0.592
0.872
0.88
0.832
0.832
0.872
0.816
0.896
0.824
0.776
0.808
0.68
0.616
0.584
0.632
0.608
0.664
0.64
0.672
0.64
0.696
--------------tensor(0.6473, dtype=torch.float64)
tensor(0.6589, dtype=torch.float64)
tensor(0.6622, dtype=torch.float64)
