0.776
0.76
0.776
0.768
0.768
0.76
0.776
0.736
0.768
0.744
0.816
0.832
0.84
0.816
0.792
0.784
0.784
0.824
0.872
0.824
0.664
0.648
0.672
0.648
0.688
0.704
0.672
0.664
0.656
0.648
0.808
0.8
0.808
0.784
0.76
0.776
0.768
0.792
0.792
0.784
0.928
0.888
0.936
0.928
0.928
0.944
0.888
0.92
0.912
0.888
0.912
0.888
0.952
0.944
0.968
0.96
0.928
0.92
0.88
0.952
0.968
0.968
1.0
1.0
0.984
1.0
0.984
0.96
0.976
0.992
0.776
0.76
0.76
0.752
0.736
0.76
0.752
0.768
0.76
0.744
1.0
1.0
0.968
0.984
1.0
1.0
1.0
1.0
0.992
1.0
0.888
0.936
0.88
0.928
0.896
0.856
0.888
0.904
0.888
0.896
--------------0.776
0.76
0.776
0.776
0.776
0.784
0.784
0.744
0.776
0.752
0.792
0.832
0.808
0.776
0.816
0.864
0.792
0.792
0.856
0.832
0.728
0.728
0.768
0.736
0.744
0.76
0.744
0.752
0.744
0.744
0.848
0.824
0.848
0.832
0.808
0.8
0.816
0.832
0.808
0.808
0.912
0.864
0.968
0.936
0.888
0.936
0.896
0.936
0.92
0.92
0.96
0.96
0.952
0.976
0.992
0.976
0.984
0.944
0.976
0.968
0.936
0.984
0.984
0.984
0.936
0.96
0.968
0.952
0.968
0.984
0.776
0.8
0.768
0.752
0.76
0.776
0.752
0.776
0.768
0.752
0.992
0.992
1.0
0.968
0.968
0.944
0.984
0.984
0.952
0.976
0.968
0.96
0.96
0.944
0.96
0.912
0.944
0.944
0.92
0.96
--------------0.792
0.792
0.8
0.8
0.784
0.808
0.792
0.792
0.8
0.776
0.768
0.768
0.76
0.736
0.752
0.792
0.76
0.752
0.808
0.776
0.744
0.712
0.736
0.72
0.728
0.768
0.736
0.72
0.72
0.728
0.808
0.8
0.808
0.784
0.76
0.776
0.768
0.792
0.792
0.784
0.896
0.848
0.912
0.92
0.896
0.912
0.88
0.888
0.872
0.88
0.952
0.952
0.952
0.976
0.984
0.976
0.968
0.936
0.952
0.968
0.968
0.952
0.992
0.984
0.984
0.992
0.968
0.952
0.968
0.984
0.784
0.808
0.8
0.76
0.76
0.8
0.808
0.808
0.768
0.768
1.0
1.0
0.968
0.984
1.0
1.0
1.0
1.0
0.992
1.0
0.904
0.928
0.88
0.904
0.912
0.84
0.864
0.904
0.872
0.904
--------------tensor(0.8512, dtype=torch.float64)
tensor(0.8697, dtype=torch.float64)
tensor(0.8578, dtype=torch.float64)
