0.728
0.744
0.792
0.72
0.664
0.744
0.832
0.76
0.696
0.736
0.656
0.664
0.712
0.672
0.616
0.736
0.616
0.624
0.744
0.68
0.784
0.856
0.776
0.84
0.8
0.736
0.848
0.816
0.808
0.848
0.776
0.696
0.736
0.72
0.792
0.704
0.8
0.656
0.72
0.672
0.792
0.808
0.776
0.792
0.832
0.816
0.784
0.8
0.832
0.792
0.84
0.736
0.776
0.792
0.744
0.72
0.76
0.776
0.752
0.752
0.808
0.816
0.776
0.752
0.744
0.792
0.784
0.832
0.776
0.76
0.712
0.768
0.696
0.752
0.776
0.712
0.728
0.68
0.712
0.648
0.784
0.784
0.736
0.816
0.784
0.808
0.792
0.856
0.736
0.744
0.832
0.776
0.768
0.816
0.776
0.832
0.76
0.856
0.72
0.76
--------------0.72
0.808
0.808
0.728
0.68
0.792
0.824
0.752
0.728
0.776
0.712
0.656
0.76
0.696
0.664
0.728
0.648
0.672
0.768
0.68
0.856
0.88
0.8
0.88
0.824
0.776
0.856
0.848
0.824
0.856
0.8
0.776
0.744
0.736
0.792
0.744
0.824
0.712
0.752
0.688
0.792
0.808
0.8
0.816
0.856
0.824
0.832
0.824
0.88
0.784
0.832
0.776
0.776
0.816
0.752
0.76
0.8
0.768
0.768
0.784
0.848
0.864
0.824
0.816
0.76
0.8
0.784
0.856
0.8
0.824
0.736
0.784
0.704
0.744
0.768
0.704
0.72
0.664
0.696
0.68
0.792
0.856
0.76
0.856
0.832
0.816
0.808
0.84
0.76
0.76
0.84
0.76
0.808
0.824
0.776
0.824
0.776
0.864
0.76
0.776
--------------0.72
0.792
0.784
0.72
0.672
0.784
0.824
0.76
0.696
0.768
0.672
0.672
0.76
0.672
0.64
0.744
0.64
0.648
0.76
0.664
0.84
0.872
0.784
0.864
0.84
0.768
0.88
0.84
0.808
0.856
0.816
0.784
0.784
0.752
0.808
0.744
0.808
0.704
0.776
0.696
0.792
0.808
0.8
0.832
0.848
0.832
0.792
0.8
0.864
0.768
0.856
0.752
0.768
0.816
0.712
0.736
0.76
0.784
0.744
0.752
0.84
0.84
0.808
0.784
0.768
0.8
0.808
0.848
0.792
0.792
0.736
0.808
0.72
0.776
0.784
0.712
0.728
0.672
0.72
0.648
0.8
0.808
0.744
0.84
0.824
0.832
0.816
0.856
0.792
0.776
0.848
0.776
0.824
0.816
0.784
0.848
0.8
0.832
0.76
0.784
--------------tensor(0.7595, dtype=torch.float64)
tensor(0.7808, dtype=torch.float64)
tensor(0.7778, dtype=torch.float64)
