0.672
0.664
0.672
0.696
0.656
0.664
0.64
0.664
0.704
0.72
0.768
0.728
0.728
0.688
0.792
0.784
0.76
0.784
0.744
0.816
0.688
0.704
0.744
0.712
0.736
0.712
0.728
0.704
0.728
0.768
0.768
0.72
0.76
0.712
0.752
0.68
0.64
0.68
0.752
0.784
0.768
0.728
0.712
0.728
0.776
0.776
0.736
0.712
0.752
0.768
0.752
0.792
0.752
0.736
0.688
0.768
0.712
0.76
0.696
0.736
0.736
0.736
0.76
0.76
0.704
0.752
0.832
0.776
0.792
0.728
0.768
0.72
0.72
0.8
0.784
0.792
0.704
0.688
0.752
0.776
0.792
0.744
0.752
0.784
0.752
0.784
0.8
0.72
0.808
0.728
0.68
0.664
0.664
0.704
0.768
0.72
0.712
0.752
0.696
0.696
--------------0.728
0.64
0.728
0.688
0.704
0.672
0.704
0.696
0.784
0.728
0.776
0.752
0.784
0.76
0.808
0.776
0.76
0.816
0.776
0.816
0.672
0.72
0.736
0.712
0.76
0.712
0.76
0.672
0.736
0.784
0.768
0.784
0.784
0.776
0.752
0.72
0.696
0.736
0.776
0.84
0.768
0.736
0.736
0.744
0.792
0.792
0.76
0.704
0.768
0.76
0.768
0.752
0.736
0.696
0.696
0.768
0.68
0.736
0.68
0.736
0.712
0.696
0.68
0.744
0.736
0.744
0.816
0.768
0.768
0.728
0.76
0.76
0.736
0.8
0.776
0.744
0.704
0.696
0.76
0.776
0.784
0.712
0.728
0.8
0.696
0.704
0.832
0.736
0.744
0.76
0.656
0.672
0.696
0.696
0.752
0.784
0.688
0.784
0.672
0.728
--------------0.68
0.68
0.696
0.752
0.656
0.672
0.672
0.72
0.76
0.744
0.76
0.752
0.76
0.72
0.808
0.776
0.744
0.824
0.76
0.824
0.688
0.68
0.744
0.728
0.768
0.704
0.728
0.712
0.736
0.76
0.8
0.768
0.816
0.784
0.8
0.72
0.696
0.696
0.816
0.8
0.776
0.744
0.752
0.744
0.8
0.832
0.752
0.712
0.776
0.784
0.736
0.792
0.72
0.712
0.704
0.76
0.704
0.768
0.72
0.736
0.76
0.744
0.728
0.744
0.696
0.776
0.824
0.808
0.792
0.744
0.792
0.752
0.76
0.808
0.824
0.8
0.712
0.704
0.776
0.776
0.8
0.792
0.752
0.792
0.76
0.784
0.832
0.744
0.768
0.736
0.712
0.696
0.672
0.736
0.776
0.744
0.704
0.768
0.712
0.76
--------------tensor(0.7346, dtype=torch.float64)
tensor(0.7413, dtype=torch.float64)
tensor(0.7509, dtype=torch.float64)
