0.704
0.72
0.728
0.68
0.672
0.704
0.688
0.664
0.68
0.744
0.76
0.784
0.816
0.784
0.792
0.768
0.808
0.688
0.832
0.728
0.832
0.816
0.824
0.832
0.816
0.848
0.824
0.808
0.856
0.776
0.848
0.8
0.84
0.856
0.792
0.808
0.824
0.848
0.864
0.824
0.776
0.824
0.808
0.8
0.744
0.824
0.736
0.832
0.704
0.816
0.664
0.664
0.688
0.712
0.672
0.712
0.704
0.704
0.64
0.72
0.744
0.768
0.72
0.712
0.744
0.768
0.768
0.76
0.704
0.72
0.664
0.672
0.696
0.656
0.72
0.744
0.664
0.712
0.696
0.696
0.736
0.736
0.744
0.736
0.76
0.792
0.704
0.8
0.712
0.728
0.856
0.824
0.8
0.888
0.832
0.848
0.856
0.864
0.888
0.856
--------------0.704
0.712
0.776
0.696
0.696
0.704
0.704
0.72
0.688
0.76
0.736
0.8
0.832
0.816
0.84
0.776
0.784
0.72
0.84
0.736
0.872
0.864
0.872
0.888
0.888
0.912
0.92
0.864
0.92
0.84
0.832
0.808
0.816
0.8
0.776
0.752
0.784
0.8
0.808
0.784
0.768
0.848
0.8
0.808
0.8
0.816
0.752
0.88
0.736
0.808
0.704
0.672
0.736
0.744
0.696
0.76
0.72
0.768
0.672
0.728
0.8
0.792
0.752
0.784
0.784
0.784
0.808
0.8
0.752
0.784
0.672
0.736
0.728
0.696
0.72
0.712
0.688
0.752
0.688
0.68
0.768
0.768
0.8
0.8
0.776
0.84
0.736
0.824
0.768
0.736
0.856
0.832
0.832
0.872
0.848
0.816
0.824
0.856
0.88
0.808
--------------0.72
0.752
0.744
0.704
0.728
0.728
0.728
0.704
0.712
0.776
0.776
0.792
0.848
0.816
0.832
0.776
0.808
0.736
0.864
0.744
0.872
0.856
0.864
0.904
0.904
0.88
0.912
0.864
0.92
0.848
0.856
0.816
0.824
0.856
0.8
0.768
0.816
0.832
0.848
0.792
0.792
0.808
0.8
0.824
0.816
0.84
0.76
0.864
0.76
0.832
0.736
0.688
0.728
0.736
0.704
0.752
0.768
0.744
0.688
0.752
0.76
0.784
0.728
0.736
0.784
0.768
0.784
0.776
0.744
0.744
0.696
0.712
0.72
0.72
0.744
0.744
0.664
0.76
0.696
0.688
0.776
0.768
0.792
0.768
0.784
0.824
0.736
0.8
0.736
0.768
0.88
0.84
0.824
0.896
0.848
0.856
0.872
0.896
0.888
0.856
--------------tensor(0.7631, dtype=torch.float64)
tensor(0.7821, dtype=torch.float64)
tensor(0.7887, dtype=torch.float64)
