0.72
0.824
0.792
0.704
0.784
0.704
0.744
0.736
0.776
0.816
0.76
0.752
0.72
0.696
0.792
0.808
0.84
0.736
0.776
0.792
0.76
0.736
0.784
0.8
0.792
0.816
0.864
0.832
0.76
0.8
0.664
0.664
0.664
0.68
0.664
0.704
0.672
0.696
0.736
0.672
0.688
0.752
0.712
0.728
0.728
0.704
0.728
0.696
0.808
0.76
0.768
0.76
0.736
0.752
0.808
0.712
0.784
0.688
0.776
0.736
0.648
0.616
0.672
0.728
0.744
0.632
0.632
0.704
0.784
0.664
0.632
0.688
0.568
0.688
0.68
0.632
0.664
0.752
0.616
0.624
0.792
0.72
0.704
0.632
0.704
0.656
0.664
0.696
0.712
0.752
0.768
0.736
0.8
0.776
0.752
0.768
0.76
0.776
0.728
0.76
--------------0.688
0.752
0.776
0.704
0.728
0.712
0.696
0.68
0.736
0.76
0.824
0.784
0.76
0.76
0.808
0.824
0.808
0.784
0.848
0.832
0.832
0.832
0.824
0.824
0.856
0.84
0.88
0.84
0.848
0.896
0.72
0.736
0.768
0.72
0.776
0.768
0.744
0.768
0.792
0.72
0.728
0.784
0.736
0.776
0.792
0.72
0.752
0.728
0.8
0.752
0.76
0.72
0.728
0.728
0.784
0.712
0.816
0.704
0.784
0.728
0.728
0.68
0.752
0.776
0.776
0.656
0.728
0.752
0.808
0.696
0.744
0.728
0.68
0.728
0.736
0.712
0.68
0.728
0.696
0.664
0.808
0.712
0.704
0.656
0.768
0.72
0.68
0.704
0.744
0.76
0.824
0.824
0.848
0.824
0.816
0.792
0.808
0.808
0.808
0.8
--------------0.728
0.784
0.8
0.712
0.776
0.712
0.768
0.696
0.792
0.808
0.816
0.768
0.792
0.728
0.808
0.824
0.832
0.784
0.832
0.824
0.808
0.816
0.848
0.864
0.84
0.864
0.896
0.856
0.84
0.88
0.72
0.728
0.776
0.744
0.776
0.752
0.712
0.76
0.816
0.736
0.72
0.768
0.736
0.768
0.752
0.736
0.712
0.728
0.816
0.728
0.736
0.736
0.752
0.752
0.784
0.712
0.8
0.696
0.76
0.76
0.704
0.656
0.728
0.776
0.768
0.664
0.752
0.728
0.792
0.696
0.752
0.704
0.632
0.76
0.704
0.704
0.672
0.752
0.688
0.632
0.8
0.72
0.712
0.656
0.712
0.712
0.696
0.712
0.744
0.784
0.824
0.808
0.824
0.816
0.784
0.784
0.792
0.792
0.792
0.8
--------------tensor(0.7288, dtype=torch.float64)
tensor(0.7614, dtype=torch.float64)
tensor(0.7610, dtype=torch.float64)
