0.768
0.832
0.808
0.808
0.72
0.768
0.76
0.824
0.808
0.72
0.816
0.76
0.768
0.776
0.832
0.768
0.872
0.752
0.752
0.8
0.736
0.632
0.688
0.704
0.584
0.632
0.64
0.648
0.656
0.64
0.824
0.776
0.768
0.8
0.784
0.792
0.776
0.752
0.736
0.752
0.768
0.728
0.744
0.704
0.712
0.776
0.736
0.736
0.728
0.64
0.704
0.768
0.752
0.696
0.776
0.736
0.816
0.776
0.728
0.72
0.864
0.864
0.824
0.808
0.84
0.84
0.856
0.904
0.872
0.864
0.792
0.816
0.736
0.784
0.776
0.776
0.808
0.792
0.752
0.752
0.76
0.792
0.792
0.744
0.744
0.84
0.792
0.84
0.832
0.752
0.72
0.792
0.776
0.752
0.816
0.88
0.696
0.76
0.832
0.776
--------------0.76
0.824
0.8
0.768
0.736
0.736
0.76
0.824
0.792
0.76
0.848
0.808
0.808
0.776
0.824
0.8
0.872
0.792
0.816
0.816
0.864
0.8
0.84
0.816
0.776
0.784
0.84
0.808
0.792
0.8
0.84
0.808
0.776
0.832
0.792
0.808
0.776
0.76
0.784
0.816
0.8
0.808
0.792
0.736
0.784
0.784
0.76
0.752
0.752
0.736
0.776
0.776
0.784
0.768
0.848
0.776
0.84
0.792
0.8
0.784
0.856
0.864
0.824
0.768
0.808
0.792
0.824
0.848
0.824
0.84
0.848
0.808
0.752
0.864
0.8
0.784
0.784
0.824
0.76
0.776
0.8
0.792
0.8
0.736
0.792
0.832
0.816
0.84
0.88
0.824
0.784
0.752
0.688
0.736
0.768
0.824
0.696
0.728
0.768
0.768
--------------0.768
0.84
0.816
0.776
0.768
0.8
0.768
0.832
0.832
0.792
0.808
0.784
0.76
0.792
0.84
0.792
0.864
0.768
0.768
0.792
0.792
0.704
0.768
0.752
0.648
0.704
0.688
0.728
0.696
0.704
0.808
0.728
0.736
0.76
0.744
0.784
0.744
0.712
0.712
0.752
0.808
0.784
0.752
0.744
0.752
0.784
0.744
0.736
0.752
0.688
0.752
0.784
0.792
0.768
0.832
0.744
0.848
0.8
0.784
0.776
0.88
0.848
0.832
0.816
0.84
0.856
0.864
0.92
0.872
0.864
0.848
0.832
0.76
0.816
0.824
0.808
0.808
0.824
0.784
0.776
0.8
0.8
0.8
0.76
0.8
0.832
0.808
0.848
0.832
0.752
0.736
0.76
0.752
0.72
0.8
0.848
0.72
0.744
0.8
0.76
--------------tensor(0.7678, dtype=torch.float64)
tensor(0.7955, dtype=torch.float64)
tensor(0.7839, dtype=torch.float64)
