0.76
0.712
0.696
0.656
0.744
0.744
0.72
0.672
0.752
0.704
0.768
0.832
0.848
0.824
0.856
0.856
0.84
0.912
0.888
0.864
0.696
0.752
0.72
0.72
0.728
0.696
0.744
0.728
0.688
0.792
0.696
0.712
0.744
0.752
0.72
0.64
0.664
0.696
0.72
0.704
0.672
0.712
0.776
0.776
0.72
0.752
0.768
0.712
0.744
0.736
0.808
0.864
0.864
0.848
0.824
0.864
0.832
0.888
0.856
0.864
0.776
0.736
0.712
0.744
0.672
0.76
0.808
0.736
0.776
0.704
0.728
0.696
0.704
0.736
0.776
0.712
0.736
0.744
0.768
0.792
0.888
0.768
0.84
0.816
0.84
0.816
0.832
0.872
0.776
0.824
0.776
0.664
0.72
0.664
0.768
0.68
0.736
0.728
0.784
0.704
--------------0.88
0.76
0.776
0.784
0.816
0.808
0.792
0.768
0.76
0.752
0.808
0.872
0.872
0.872
0.872
0.856
0.832
0.904
0.888
0.896
0.744
0.752
0.736
0.72
0.728
0.712
0.784
0.752
0.736
0.752
0.736
0.72
0.8
0.776
0.744
0.672
0.704
0.768
0.768
0.76
0.712
0.696
0.728
0.816
0.712
0.72
0.736
0.736
0.744
0.784
0.792
0.856
0.888
0.824
0.808
0.864
0.84
0.896
0.88
0.848
0.824
0.76
0.728
0.816
0.696
0.792
0.784
0.744
0.808
0.688
0.752
0.704
0.752
0.784
0.784
0.784
0.768
0.736
0.792
0.8
0.888
0.856
0.888
0.888
0.848
0.88
0.864
0.88
0.832
0.888
0.8
0.704
0.784
0.736
0.824
0.744
0.8
0.816
0.824
0.8
--------------0.864
0.784
0.736
0.76
0.8
0.792
0.808
0.76
0.784
0.752
0.8
0.856
0.88
0.856
0.864
0.84
0.848
0.904
0.872
0.88
0.72
0.744
0.752
0.72
0.704
0.712
0.776
0.744
0.696
0.744
0.736
0.696
0.784
0.808
0.76
0.68
0.672
0.744
0.76
0.752
0.696
0.696
0.768
0.792
0.696
0.752
0.752
0.744
0.752
0.72
0.8
0.872
0.896
0.832
0.832
0.872
0.832
0.88
0.872
0.848
0.792
0.768
0.736
0.792
0.704
0.776
0.808
0.744
0.824
0.696
0.784
0.72
0.744
0.776
0.792
0.76
0.744
0.76
0.784
0.824
0.904
0.848
0.896
0.864
0.856
0.88
0.888
0.88
0.808
0.864
0.8
0.736
0.8
0.728
0.784
0.768
0.776
0.8
0.816
0.76
--------------tensor(0.7615, dtype=torch.float64)
tensor(0.7915, dtype=torch.float64)
tensor(0.7883, dtype=torch.float64)
