0.84
0.776
0.808
0.816
0.744
0.728
0.8
0.792
0.848
0.792
0.832
0.784
0.768
0.8
0.792
0.864
0.84
0.808
0.832
0.8
0.816
0.792
0.784
0.736
0.776
0.76
0.8
0.76
0.8
0.768
0.72
0.728
0.728
0.76
0.752
0.656
0.752
0.752
0.768
0.704
0.712
0.744
0.768
0.752
0.784
0.784
0.792
0.712
0.696
0.736
0.832
0.832
0.856
0.872
0.848
0.84
0.792
0.856
0.832
0.84
0.848
0.816
0.792
0.832
0.832
0.856
0.848
0.832
0.8
0.792
0.768
0.672
0.744
0.792
0.664
0.816
0.68
0.712
0.784
0.776
0.768
0.872
0.832
0.8
0.84
0.832
0.784
0.84
0.848
0.824
0.776
0.688
0.712
0.688
0.672
0.696
0.752
0.696
0.704
0.76
--------------0.88
0.8
0.816
0.84
0.792
0.776
0.84
0.76
0.848
0.808
0.88
0.816
0.816
0.872
0.824
0.904
0.872
0.848
0.872
0.864
0.8
0.84
0.832
0.776
0.784
0.784
0.824
0.816
0.752
0.816
0.744
0.808
0.76
0.8
0.752
0.72
0.784
0.776
0.792
0.76
0.736
0.776
0.784
0.784
0.768
0.76
0.824
0.768
0.76
0.824
0.848
0.848
0.856
0.888
0.856
0.848
0.832
0.904
0.84
0.864
0.88
0.88
0.832
0.888
0.88
0.872
0.896
0.88
0.864
0.88
0.792
0.688
0.76
0.808
0.736
0.848
0.72
0.824
0.816
0.8
0.816
0.92
0.864
0.84
0.84
0.84
0.856
0.88
0.872
0.864
0.824
0.736
0.768
0.744
0.768
0.792
0.776
0.792
0.768
0.816
--------------0.856
0.808
0.816
0.792
0.768
0.768
0.848
0.776
0.864
0.792
0.864
0.824
0.816
0.848
0.784
0.92
0.856
0.84
0.848
0.832
0.768
0.808
0.784
0.744
0.76
0.752
0.824
0.776
0.76
0.76
0.752
0.768
0.744
0.792
0.776
0.688
0.792
0.784
0.808
0.76
0.72
0.784
0.792
0.776
0.744
0.784
0.8
0.76
0.752
0.784
0.84
0.84
0.888
0.904
0.872
0.872
0.8
0.888
0.848
0.832
0.896
0.832
0.832
0.864
0.872
0.864
0.888
0.872
0.824
0.848
0.768
0.72
0.744
0.824
0.72
0.824
0.72
0.792
0.824
0.824
0.808
0.904
0.864
0.84
0.848
0.872
0.856
0.856
0.872
0.88
0.816
0.712
0.76
0.76
0.728
0.76
0.792
0.76
0.776
0.84
--------------tensor(0.7810, dtype=torch.float64)
tensor(0.8174, dtype=torch.float64)
tensor(0.8086, dtype=torch.float64)
