0.552
0.52
0.544
0.56
0.536
0.616
0.592
0.568
0.656
0.536
0.472
0.544
0.496
0.552
0.44
0.512
0.488
0.488
0.496
0.52
0.808
0.792
0.72
0.824
0.792
0.824
0.776
0.792
0.784
0.816
0.712
0.704
0.672
0.704
0.656
0.672
0.68
0.616
0.688
0.664
0.544
0.544
0.496
0.536
0.64
0.488
0.6
0.544
0.544
0.664
0.648
0.696
0.672
0.68
0.696
0.696
0.696
0.648
0.624
0.624
0.704
0.728
0.736
0.648
0.72
0.648
0.704
0.688
0.68
0.664
0.664
0.672
0.608
0.632
0.6
0.608
0.608
0.616
0.608
0.568
0.584
0.64
0.584
0.6
0.624
0.544
0.6
0.568
0.616
0.568
0.496
0.472
0.504
0.48
0.456
0.536
0.512
0.48
0.504
0.44
--------------0.584
0.592
0.624
0.632
0.552
0.64
0.616
0.64
0.688
0.568
0.6
0.6
0.592
0.592
0.608
0.616
0.624
0.616
0.648
0.592
0.8
0.76
0.792
0.816
0.816
0.8
0.76
0.8
0.84
0.768
0.76
0.688
0.656
0.72
0.656
0.64
0.624
0.544
0.664
0.664
0.72
0.76
0.712
0.688
0.776
0.728
0.736
0.8
0.752
0.832
0.672
0.68
0.712
0.72
0.696
0.704
0.696
0.656
0.688
0.632
0.84
0.88
0.864
0.784
0.832
0.808
0.792
0.784
0.784
0.816
0.76
0.728
0.736
0.696
0.68
0.712
0.672
0.704
0.728
0.688
0.68
0.736
0.704
0.68
0.672
0.696
0.696
0.64
0.696
0.696
0.704
0.656
0.6
0.68
0.624
0.656
0.704
0.656
0.688
0.576
--------------0.608
0.584
0.616
0.608
0.584
0.64
0.64
0.616
0.712
0.592
0.632
0.632
0.624
0.624
0.6
0.632
0.608
0.608
0.656
0.632
0.784
0.768
0.768
0.816
0.792
0.8
0.744
0.784
0.792
0.768
0.776
0.672
0.648
0.704
0.704
0.64
0.68
0.592
0.656
0.664
0.696
0.712
0.704
0.696
0.76
0.664
0.728
0.76
0.688
0.816
0.632
0.688
0.696
0.656
0.704
0.68
0.68
0.656
0.68
0.6
0.856
0.792
0.864
0.792
0.848
0.776
0.744
0.792
0.792
0.792
0.752
0.696
0.72
0.712
0.688
0.744
0.696
0.728
0.752
0.688
0.64
0.728
0.696
0.688
0.648
0.688
0.68
0.64
0.696
0.664
0.624
0.648
0.568
0.584
0.544
0.632
0.608
0.6
0.648
0.52
--------------tensor(0.6158, dtype=torch.float64)
tensor(0.6988, dtype=torch.float64)
tensor(0.6886, dtype=torch.float64)
