0.736
0.752
0.72
0.76
0.752
0.688
0.768
0.744
0.776
0.728
0.752
0.824
0.824
0.808
0.76
0.808
0.808
0.832
0.768
0.84
0.68
0.712
0.68
0.768
0.696
0.672
0.744
0.704
0.72
0.72
0.864
0.848
0.912
0.832
0.832
0.84
0.856
0.8
0.84
0.88
0.896
0.864
0.856
0.864
0.848
0.856
0.872
0.872
0.84
0.848
0.92
0.896
0.936
0.912
0.96
0.912
0.912
0.928
0.944
0.912
0.832
0.84
0.88
0.904
0.824
0.864
0.808
0.816
0.864
0.848
0.84
0.944
0.928
0.936
0.88
0.896
0.872
0.928
0.904
0.904
0.872
0.888
0.912
0.88
0.888
0.888
0.896
0.928
0.92
0.904
0.76
0.832
0.856
0.776
0.848
0.808
0.776
0.832
0.8
0.76
--------------0.768
0.792
0.744
0.8
0.784
0.712
0.808
0.768
0.808
0.752
0.776
0.856
0.824
0.808
0.808
0.808
0.816
0.864
0.8
0.872
0.72
0.728
0.736
0.816
0.752
0.792
0.752
0.736
0.736
0.76
0.872
0.864
0.928
0.824
0.864
0.88
0.864
0.856
0.832
0.912
0.936
0.928
0.848
0.864
0.888
0.904
0.904
0.864
0.896
0.864
0.944
0.92
0.968
0.92
0.976
0.936
0.92
0.936
0.944
0.936
0.848
0.848
0.864
0.896
0.856
0.864
0.832
0.84
0.88
0.832
0.832
0.936
0.936
0.928
0.896
0.896
0.872
0.928
0.92
0.896
0.912
0.928
0.912
0.904
0.912
0.912
0.88
0.936
0.976
0.92
0.784
0.84
0.84
0.808
0.856
0.808
0.792
0.832
0.816
0.784
--------------0.76
0.784
0.752
0.808
0.792
0.728
0.8
0.768
0.808
0.728
0.76
0.84
0.832
0.792
0.816
0.84
0.824
0.84
0.808
0.84
0.712
0.728
0.712
0.776
0.76
0.76
0.76
0.744
0.744
0.728
0.888
0.872
0.904
0.824
0.856
0.864
0.848
0.832
0.84
0.896
0.944
0.896
0.856
0.896
0.88
0.872
0.896
0.888
0.88
0.856
0.944
0.928
0.944
0.92
0.976
0.944
0.928
0.928
0.936
0.92
0.84
0.88
0.888
0.896
0.84
0.88
0.832
0.832
0.872
0.824
0.856
0.952
0.944
0.936
0.872
0.904
0.88
0.928
0.912
0.912
0.904
0.912
0.928
0.904
0.896
0.896
0.904
0.96
0.968
0.904
0.816
0.84
0.848
0.824
0.88
0.816
0.8
0.848
0.848
0.808
--------------tensor(0.8343, dtype=torch.float64)
tensor(0.8544, dtype=torch.float64)
tensor(0.8538, dtype=torch.float64)
