0.688
0.616
0.584
0.616
0.616
0.688
0.672
0.648
0.688
0.624
0.632
0.56
0.6
0.632
0.616
0.576
0.576
0.592
0.656
0.576
0.752
0.784
0.792
0.72
0.728
0.784
0.8
0.712
0.848
0.736
0.784
0.848
0.912
0.872
0.856
0.824
0.824
0.8
0.88
0.888
0.776
0.784
0.752
0.768
0.76
0.8
0.752
0.76
0.752
0.752
0.624
0.56
0.6
0.536
0.624
0.656
0.584
0.552
0.624
0.608
0.696
0.696
0.712
0.672
0.608
0.592
0.688
0.76
0.808
0.696
0.76
0.768
0.752
0.8
0.8
0.776
0.776
0.776
0.72
0.776
0.752
0.808
0.792
0.744
0.808
0.752
0.784
0.784
0.744
0.776
0.592
0.672
0.584
0.616
0.552
0.632
0.568
0.648
0.536
0.552
--------------0.664
0.624
0.624
0.584
0.616
0.68
0.672
0.68
0.672
0.648
0.72
0.672
0.664
0.776
0.776
0.68
0.68
0.68
0.728
0.648
0.8
0.848
0.864
0.816
0.832
0.864
0.856
0.816
0.88
0.816
0.848
0.952
0.936
0.872
0.92
0.912
0.888
0.888
0.912
0.944
0.792
0.792
0.792
0.808
0.792
0.864
0.776
0.8
0.792
0.824
0.632
0.616
0.608
0.56
0.624
0.608
0.584
0.528
0.648
0.616
0.776
0.712
0.736
0.696
0.616
0.624
0.728
0.776
0.824
0.68
0.84
0.816
0.848
0.84
0.896
0.816
0.816
0.816
0.784
0.848
0.792
0.856
0.84
0.816
0.816
0.776
0.784
0.856
0.784
0.824
0.64
0.704
0.664
0.624
0.528
0.6
0.608
0.656
0.6
0.568
--------------0.704
0.608
0.616
0.6
0.64
0.672
0.64
0.712
0.68
0.648
0.664
0.616
0.664
0.704
0.648
0.624
0.624
0.632
0.68
0.64
0.768
0.792
0.816
0.768
0.704
0.816
0.816
0.744
0.832
0.768
0.832
0.912
0.92
0.888
0.896
0.856
0.864
0.84
0.928
0.928
0.8
0.816
0.824
0.816
0.816
0.84
0.8
0.8
0.776
0.792
0.624
0.648
0.624
0.552
0.592
0.632
0.616
0.544
0.664
0.616
0.768
0.696
0.744
0.712
0.624
0.648
0.704
0.792
0.848
0.712
0.824
0.776
0.8
0.824
0.848
0.832
0.824
0.8
0.744
0.808
0.768
0.8
0.816
0.744
0.808
0.8
0.752
0.816
0.752
0.752
0.672
0.696
0.624
0.608
0.568
0.624
0.6
0.648
0.584
0.576
--------------tensor(0.7055, dtype=torch.float64)
tensor(0.7483, dtype=torch.float64)
tensor(0.7323, dtype=torch.float64)
