0.872
0.888
0.88
0.896
0.928
0.904
0.864
0.936
0.88
0.864
1.0
1.0
1.0
1.0
1.0
1.0
1.0
1.0
1.0
1.0
1.0
1.0
1.0
1.0
1.0
1.0
1.0
1.0
1.0
1.0
0.848
0.832
0.848
0.848
0.872
0.856
0.872
0.864
0.904
0.856
1.0
1.0
1.0
1.0
1.0
1.0
1.0
1.0
1.0
1.0
1.0
1.0
1.0
1.0
1.0
1.0
1.0
1.0
1.0
1.0
0.92
0.944
0.912
0.944
0.928
0.888
0.912
0.92
0.92
0.896
1.0
1.0
1.0
1.0
1.0
1.0
1.0
1.0
1.0
1.0
0.992
0.984
0.984
0.976
0.984
0.976
0.976
0.992
0.976
0.976
1.0
1.0
1.0
1.0
1.0
1.0
1.0
1.0
1.0
1.0
--------------0.872
0.888
0.88
0.896
0.928
0.904
0.864
0.936
0.88
0.864
1.0
1.0
1.0
1.0
1.0
1.0
1.0
1.0
1.0
1.0
1.0
1.0
1.0
1.0
1.0
1.0
1.0
1.0
1.0
1.0
0.856
0.84
0.84
0.832
0.88
0.832
0.84
0.872
0.904
0.848
1.0
1.0
1.0
1.0
1.0
1.0
1.0
1.0
1.0
1.0
0.96
0.984
1.0
0.96
0.952
1.0
0.992
0.952
0.976
0.976
0.928
0.936
0.92
0.952
0.872
0.92
0.904
0.936
0.88
0.888
1.0
1.0
0.992
0.992
0.984
1.0
0.992
0.992
1.0
0.976
0.992
0.984
0.984
0.976
0.984
0.976
0.976
0.992
0.976
0.976
1.0
1.0
1.0
1.0
1.0
1.0
1.0
1.0
1.0
1.0
--------------0.872
0.888
0.88
0.896
0.928
0.904
0.864
0.936
0.88
0.864
1.0
1.0
1.0
1.0
1.0
1.0
1.0
1.0
1.0
1.0
1.0
1.0
1.0
1.0
1.0
1.0
1.0
1.0
1.0
1.0
0.856
0.84
0.856
0.848
0.904
0.864
0.88
0.872
0.912
0.88
1.0
1.0
1.0
1.0
1.0
1.0
1.0
1.0
1.0
1.0
1.0
1.0
1.0
1.0
1.0
1.0
1.0
1.0
1.0
1.0
0.904
0.944
0.92
0.944
0.944
0.928
0.912
0.952
0.92
0.904
1.0
1.0
1.0
1.0
1.0
1.0
1.0
1.0
1.0
1.0
1.0
0.992
0.984
0.984
0.984
0.992
1.0
0.992
1.0
0.984
1.0
1.0
1.0
1.0
1.0
1.0
1.0
1.0
1.0
1.0
--------------tensor(0.9651, dtype=torch.float64)
tensor(0.9609, dtype=torch.float64)
tensor(0.9681, dtype=torch.float64)
