0.984
0.976
1.0
0.984
0.992
0.976
0.992
0.984
0.992
1.0
1.0
1.0
1.0
1.0
1.0
1.0
1.0
1.0
1.0
1.0
0.96
0.976
0.968
0.984
0.992
0.992
0.976
0.944
0.952
0.968
0.944
0.96
0.952
0.992
0.936
0.984
0.968
0.968
0.968
0.968
0.984
0.968
0.952
0.992
0.968
0.984
0.968
1.0
0.976
0.968
0.952
0.968
0.96
0.976
0.968
0.952
0.968
0.984
0.968
0.928
0.984
0.976
0.976
0.952
0.976
0.96
0.968
0.992
0.976
0.96
0.96
0.944
0.968
0.952
0.96
0.968
0.944
0.968
0.944
0.976
0.912
0.936
0.92
0.936
0.96
0.936
0.952
0.976
0.896
0.92
0.984
1.0
0.984
0.992
0.968
0.992
0.976
0.992
0.976
1.0
--------------0.984
0.976
1.0
0.984
0.992
0.976
0.992
0.984
0.992
1.0
1.0
1.0
1.0
1.0
1.0
1.0
1.0
1.0
1.0
1.0
0.984
1.0
0.976
0.992
0.976
0.992
0.984
0.992
1.0
1.0
0.944
0.96
0.952
0.992
0.936
0.984
0.968
0.968
0.968
0.968
0.984
0.968
0.952
0.992
0.968
0.984
0.968
1.0
0.976
0.968
0.96
0.992
0.968
1.0
0.968
0.968
0.968
1.0
0.976
0.944
0.976
0.968
0.96
0.944
0.976
0.952
0.944
0.984
0.96
0.944
0.992
0.992
0.984
0.984
0.992
0.984
0.984
0.984
0.992
0.992
0.928
0.952
0.928
0.944
0.952
0.968
0.96
0.984
0.936
0.936
0.984
1.0
0.984
0.992
0.968
0.992
0.976
0.992
0.976
1.0
--------------0.984
0.976
1.0
0.984
0.992
0.976
0.992
0.984
0.992
1.0
1.0
1.0
1.0
1.0
1.0
1.0
1.0
1.0
1.0
1.0
1.0
1.0
1.0
1.0
1.0
1.0
1.0
1.0
1.0
1.0
0.96
0.968
0.976
0.96
0.936
0.944
0.936
0.968
0.952
0.944
0.984
0.976
0.952
1.0
0.984
0.992
0.992
1.0
1.0
0.992
0.96
0.992
0.968
1.0
0.968
0.968
0.968
1.0
0.976
0.944
0.984
0.976
0.976
0.952
0.976
0.96
0.968
0.992
0.976
0.96
1.0
1.0
1.0
1.0
1.0
1.0
1.0
1.0
1.0
1.0
0.936
0.936
0.928
0.912
0.968
0.944
0.968
0.976
0.928
0.952
0.984
1.0
0.984
0.992
0.968
0.992
0.976
0.992
0.976
1.0
--------------tensor(0.9713, dtype=torch.float64)
tensor(0.9776, dtype=torch.float64)
tensor(0.9807, dtype=torch.float64)
