0.88
0.88
0.88
0.896
0.888
0.912
0.904
0.896
0.912
0.936
1.0
1.0
1.0
1.0
1.0
1.0
1.0
1.0
1.0
1.0
0.912
0.896
0.896
0.896
0.888
0.848
0.88
0.872
0.896
0.904
0.864
0.928
0.904
0.904
0.864
0.912
0.912
0.872
0.872
0.904
1.0
1.0
1.0
1.0
1.0
1.0
1.0
1.0
1.0
1.0
1.0
1.0
1.0
1.0
1.0
1.0
1.0
1.0
1.0
1.0
1.0
1.0
1.0
1.0
1.0
1.0
1.0
1.0
1.0
1.0
1.0
1.0
1.0
1.0
1.0
1.0
1.0
1.0
1.0
1.0
1.0
1.0
1.0
1.0
1.0
1.0
1.0
1.0
1.0
1.0
0.968
1.0
0.984
0.992
0.976
0.968
1.0
0.984
0.96
0.976
--------------0.88
0.88
0.88
0.896
0.888
0.912
0.904
0.896
0.912
0.936
0.984
0.992
0.976
0.992
0.984
1.0
0.992
0.984
1.0
0.992
0.912
0.896
0.896
0.896
0.888
0.848
0.88
0.872
0.896
0.904
0.856
0.912
0.896
0.88
0.872
0.896
0.872
0.88
0.848
0.896
0.984
1.0
0.992
0.984
1.0
0.984
0.992
0.968
1.0
0.984
1.0
1.0
1.0
1.0
1.0
1.0
1.0
1.0
1.0
1.0
1.0
1.0
1.0
1.0
1.0
1.0
1.0
1.0
1.0
1.0
1.0
0.992
1.0
1.0
0.976
1.0
0.992
1.0
0.976
0.992
1.0
1.0
1.0
1.0
1.0
1.0
1.0
1.0
1.0
1.0
1.0
1.0
1.0
1.0
1.0
1.0
1.0
1.0
1.0
1.0
--------------0.88
0.88
0.88
0.896
0.888
0.912
0.904
0.896
0.912
0.936
1.0
1.0
1.0
1.0
1.0
1.0
1.0
1.0
1.0
1.0
0.912
0.896
0.896
0.896
0.888
0.848
0.88
0.872
0.896
0.904
0.872
0.928
0.912
0.888
0.84
0.912
0.896
0.88
0.88
0.896
1.0
1.0
1.0
1.0
1.0
1.0
1.0
1.0
1.0
1.0
1.0
1.0
1.0
1.0
1.0
1.0
1.0
1.0
1.0
1.0
1.0
1.0
1.0
1.0
1.0
1.0
1.0
1.0
1.0
1.0
1.0
1.0
1.0
1.0
1.0
1.0
1.0
1.0
1.0
1.0
1.0
1.0
1.0
1.0
1.0
1.0
1.0
1.0
1.0
1.0
0.968
1.0
0.984
0.992
0.976
0.968
1.0
0.984
0.96
0.976
--------------tensor(0.9662, dtype=torch.float64)
tensor(0.9639, dtype=torch.float64)
tensor(0.9658, dtype=torch.float64)
