0.88
0.92
0.928
0.912
0.896
0.92
0.928
0.928
0.856
0.912
0.712
0.784
0.76
0.776
0.768
0.792
0.816
0.8
0.808
0.736
0.96
0.984
0.992
0.968
0.968
0.96
0.976
0.968
0.976
0.992
0.968
0.96
0.984
0.976
0.952
0.968
0.96
1.0
0.96
0.976
0.84
0.808
0.832
0.824
0.784
0.832
0.816
0.8
0.832
0.832
0.88
0.904
0.888
0.872
0.872
0.904
0.912
0.88
0.896
0.904
0.848
0.848
0.808
0.824
0.816
0.848
0.848
0.808
0.8
0.816
0.904
0.88
0.896
0.88
0.928
0.848
0.896
0.912
0.872
0.904
0.84
0.864
0.832
0.824
0.816
0.808
0.816
0.856
0.816
0.864
0.944
0.928
0.928
0.936
0.92
0.912
0.88
0.856
0.976
0.904
--------------0.888
0.928
0.952
0.936
0.92
0.928
0.944
0.944
0.864
0.92
0.712
0.8
0.752
0.776
0.784
0.776
0.848
0.776
0.8
0.736
0.96
0.984
0.992
0.968
0.968
0.96
0.976
0.968
0.976
0.992
0.992
0.984
0.992
1.0
0.984
0.992
0.984
1.0
1.0
1.0
0.904
0.864
0.896
0.896
0.864
0.92
0.864
0.904
0.896
0.896
0.936
0.92
0.912
0.888
0.912
0.92
0.928
0.92
0.928
0.92
0.888
0.832
0.824
0.808
0.864
0.864
0.848
0.88
0.864
0.832
0.984
0.96
0.968
0.96
0.984
0.96
0.976
0.968
0.976
0.952
0.88
0.92
0.864
0.88
0.864
0.84
0.832
0.856
0.848
0.896
0.968
0.976
0.968
0.968
0.944
0.936
0.936
0.888
0.984
0.944
--------------0.848
0.928
0.944
0.92
0.88
0.912
0.944
0.928
0.872
0.904
0.728
0.8
0.768
0.776
0.776
0.784
0.848
0.8
0.808
0.744
0.96
0.984
0.992
0.968
0.968
0.96
0.976
0.968
0.976
0.992
1.0
1.0
1.0
1.0
1.0
1.0
1.0
1.0
1.0
1.0
0.904
0.872
0.904
0.896
0.896
0.92
0.88
0.912
0.912
0.896
0.936
0.92
0.912
0.888
0.912
0.92
0.928
0.92
0.928
0.92
0.888
0.832
0.824
0.808
0.864
0.864
0.848
0.88
0.864
0.832
0.984
0.96
0.928
0.96
0.96
0.96
0.968
0.96
0.968
0.944
0.864
0.904
0.856
0.872
0.84
0.832
0.832
0.856
0.824
0.896
0.968
0.976
0.968
0.968
0.944
0.936
0.936
0.888
0.984
0.944
--------------tensor(0.8810, dtype=torch.float64)
tensor(0.9113, dtype=torch.float64)
tensor(0.9102, dtype=torch.float64)
