0.656
0.696
0.584
0.736
0.728
0.704
0.672
0.592
0.728
0.68
0.672
0.592
0.704
0.704
0.568
0.728
0.672
0.696
0.6
0.712
0.72
0.72
0.72
0.736
0.744
0.792
0.712
0.704
0.712
0.72
0.688
0.736
0.728
0.744
0.672
0.712
0.712
0.696
0.64
0.736
0.744
0.76
0.744
0.776
0.728
0.72
0.776
0.808
0.776
0.704
0.704
0.72
0.696
0.696
0.736
0.68
0.672
0.656
0.592
0.688
0.68
0.64
0.656
0.672
0.68
0.664
0.704
0.672
0.664
0.68
0.688
0.656
0.688
0.656
0.648
0.6
0.736
0.664
0.68
0.696
0.792
0.704
0.752
0.712
0.744
0.752
0.752
0.76
0.704
0.688
0.752
0.728
0.744
0.736
0.68
0.688
0.784
0.784
0.656
0.744
--------------0.8
0.824
0.712
0.816
0.856
0.808
0.8
0.744
0.824
0.76
0.728
0.696
0.752
0.8
0.688
0.8
0.792
0.816
0.728
0.768
0.696
0.712
0.672
0.744
0.688
0.768
0.712
0.696
0.704
0.68
0.752
0.776
0.776
0.8
0.744
0.728
0.728
0.736
0.672
0.776
0.816
0.816
0.808
0.84
0.824
0.744
0.808
0.856
0.808
0.736
0.728
0.776
0.76
0.736
0.8
0.736
0.696
0.744
0.68
0.768
0.744
0.712
0.648
0.792
0.736
0.728
0.752
0.792
0.768
0.784
0.76
0.736
0.768
0.76
0.72
0.808
0.816
0.752
0.864
0.8
0.808
0.736
0.744
0.744
0.776
0.792
0.752
0.768
0.768
0.712
0.752
0.72
0.736
0.768
0.704
0.672
0.768
0.752
0.704
0.696
--------------0.824
0.856
0.768
0.864
0.848
0.8
0.8
0.72
0.84
0.768
0.736
0.688
0.76
0.784
0.672
0.808
0.776
0.832
0.712
0.776
0.688
0.712
0.688
0.696
0.744
0.752
0.672
0.68
0.712
0.704
0.736
0.76
0.768
0.776
0.704
0.744
0.736
0.712
0.688
0.752
0.824
0.856
0.832
0.84
0.824
0.784
0.848
0.864
0.864
0.776
0.728
0.76
0.8
0.736
0.768
0.744
0.72
0.736
0.672
0.76
0.776
0.736
0.696
0.76
0.768
0.752
0.792
0.752
0.76
0.768
0.76
0.728
0.728
0.76
0.744
0.8
0.832
0.776
0.848
0.792
0.832
0.712
0.768
0.768
0.744
0.792
0.76
0.792
0.704
0.712
0.768
0.744
0.76
0.784
0.688
0.696
0.784
0.776
0.688
0.728
--------------tensor(0.7022, dtype=torch.float64)
tensor(0.7566, dtype=torch.float64)
tensor(0.7612, dtype=torch.float64)
