0.856
0.76
0.784
0.744
0.768
0.768
0.752
0.8
0.8
0.808
0.88
0.904
0.92
0.904
0.88
0.864
0.928
0.88
0.936
0.912
0.824
0.8
0.856
0.84
0.824
0.84
0.792
0.808
0.848
0.856
0.848
0.84
0.832
0.824
0.856
0.816
0.864
0.832
0.832
0.856
0.784
0.704
0.784
0.752
0.736
0.776
0.712
0.752
0.824
0.792
0.848
0.904
0.856
0.864
0.896
0.816
0.896
0.824
0.904
0.84
0.848
0.808
0.776
0.864
0.792
0.8
0.84
0.824
0.832
0.816
0.88
0.88
0.944
0.896
0.928
0.944
0.912
0.928
0.936
0.92
0.896
0.928
0.928
0.904
0.912
0.936
0.896
0.928
0.936
0.848
0.888
0.896
0.92
0.944
0.896
0.888
0.88
0.944
0.888
0.92
--------------0.832
0.752
0.816
0.768
0.784
0.768
0.768
0.816
0.808
0.8
0.888
0.952
0.936
0.944
0.904
0.896
0.92
0.92
0.952
0.928
0.84
0.8
0.864
0.856
0.824
0.84
0.824
0.8
0.824
0.872
0.856
0.896
0.832
0.848
0.872
0.848
0.864
0.832
0.848
0.856
0.8
0.744
0.784
0.792
0.744
0.784
0.768
0.784
0.856
0.824
0.896
0.904
0.864
0.896
0.92
0.84
0.92
0.872
0.896
0.888
0.864
0.8
0.824
0.864
0.792
0.808
0.84
0.824
0.864
0.784
0.912
0.912
0.968
0.904
0.928
0.928
0.928
0.928
0.952
0.952
0.92
0.928
0.928
0.912
0.904
0.92
0.888
0.92
0.936
0.888
0.896
0.896
0.92
0.928
0.896
0.92
0.88
0.944
0.888
0.912
--------------0.856
0.744
0.792
0.76
0.776
0.784
0.768
0.816
0.808
0.816
0.88
0.92
0.912
0.936
0.904
0.88
0.912
0.912
0.96
0.92
0.856
0.816
0.88
0.856
0.824
0.84
0.832
0.832
0.84
0.888
0.856
0.864
0.832
0.84
0.864
0.8
0.864
0.84
0.832
0.864
0.816
0.752
0.808
0.8
0.752
0.784
0.72
0.8
0.848
0.816
0.872
0.912
0.856
0.888
0.912
0.832
0.904
0.856
0.904
0.872
0.84
0.8
0.816
0.856
0.808
0.8
0.848
0.824
0.848
0.8
0.92
0.904
0.968
0.896
0.936
0.936
0.936
0.944
0.944
0.952
0.904
0.928
0.936
0.912
0.936
0.928
0.904
0.936
0.936
0.864
0.888
0.88
0.928
0.928
0.888
0.896
0.872
0.928
0.896
0.912
--------------tensor(0.8534, dtype=torch.float64)
tensor(0.8662, dtype=torch.float64)
tensor(0.8646, dtype=torch.float64)
