0.616
0.696
0.608
0.608
0.6
0.672
0.568
0.632
0.568
0.656
0.768
0.784
0.808
0.752
0.776
0.768
0.728
0.792
0.72
0.8
0.752
0.736
0.744
0.72
0.76
0.752
0.768
0.768
0.784
0.72
0.648
0.568
0.6
0.624
0.616
0.712
0.6
0.6
0.64
0.616
0.744
0.768
0.72
0.792
0.768
0.76
0.728
0.816
0.728
0.808
0.656
0.64
0.688
0.696
0.608
0.728
0.664
0.736
0.592
0.648
0.584
0.608
0.584
0.632
0.576
0.576
0.6
0.56
0.584
0.576
0.624
0.712
0.688
0.616
0.672
0.664
0.672
0.656
0.72
0.64
0.776
0.816
0.768
0.848
0.832
0.816
0.872
0.872
0.816
0.824
0.872
0.824
0.824
0.864
0.856
0.888
0.816
0.848
0.816
0.816
--------------0.704
0.712
0.656
0.632
0.608
0.656
0.56
0.632
0.6
0.664
0.784
0.8
0.816
0.816
0.8
0.752
0.76
0.784
0.776
0.832
0.816
0.816
0.808
0.736
0.832
0.792
0.824
0.832
0.832
0.776
0.6
0.584
0.608
0.64
0.616
0.664
0.592
0.608
0.6
0.616
0.736
0.776
0.712
0.76
0.744
0.728
0.656
0.768
0.696
0.76
0.68
0.664
0.712
0.688
0.64
0.728
0.656
0.76
0.64
0.656
0.6
0.616
0.624
0.616
0.64
0.608
0.648
0.592
0.648
0.6
0.672
0.672
0.736
0.6
0.664
0.672
0.656
0.608
0.672
0.632
0.8
0.872
0.8
0.888
0.856
0.832
0.856
0.88
0.832
0.84
0.856
0.768
0.784
0.776
0.816
0.856
0.808
0.808
0.792
0.736
--------------0.712
0.736
0.656
0.648
0.632
0.672
0.584
0.672
0.656
0.64
0.76
0.8
0.816
0.824
0.776
0.744
0.768
0.8
0.776
0.792
0.864
0.88
0.888
0.8
0.88
0.808
0.872
0.864
0.872
0.84
0.592
0.56
0.624
0.608
0.616
0.688
0.6
0.608
0.616
0.616
0.768
0.776
0.792
0.816
0.76
0.768
0.728
0.8
0.752
0.8
0.712
0.656
0.728
0.72
0.656
0.728
0.656
0.768
0.632
0.68
0.592
0.632
0.64
0.664
0.632
0.656
0.68
0.592
0.648
0.648
0.64
0.672
0.72
0.608
0.656
0.664
0.656
0.616
0.68
0.616
0.8
0.856
0.776
0.92
0.856
0.84
0.872
0.896
0.856
0.864
0.872
0.768
0.8
0.808
0.84
0.896
0.824
0.84
0.808
0.8
--------------tensor(0.7114, dtype=torch.float64)
tensor(0.7193, dtype=torch.float64)
tensor(0.7356, dtype=torch.float64)
