0.736
0.752
0.752
0.752
0.776
0.832
0.744
0.76
0.808
0.832
0.832
0.84
0.808
0.832
0.776
0.736
0.792
0.744
0.768
0.816
0.824
0.832
0.784
0.808
0.864
0.792
0.848
0.776
0.76
0.72
0.736
0.696
0.664
0.704
0.712
0.736
0.76
0.736
0.736
0.728
0.68
0.736
0.744
0.72
0.664
0.76
0.72
0.728
0.712
0.76
0.632
0.784
0.656
0.704
0.728
0.72
0.744
0.784
0.752
0.72
0.688
0.712
0.736
0.768
0.688
0.72
0.632
0.76
0.752
0.72
0.504
0.464
0.616
0.592
0.552
0.656
0.552
0.688
0.544
0.552
0.664
0.664
0.744
0.656
0.68
0.64
0.648
0.768
0.672
0.688
0.68
0.568
0.608
0.64
0.648
0.664
0.672
0.6
0.632
0.56
--------------0.744
0.808
0.736
0.776
0.808
0.88
0.784
0.784
0.816
0.84
0.88
0.848
0.816
0.832
0.832
0.8
0.84
0.768
0.792
0.832
0.84
0.816
0.808
0.792
0.856
0.784
0.84
0.784
0.784
0.752
0.744
0.656
0.696
0.712
0.712
0.752
0.752
0.736
0.736
0.76
0.68
0.736
0.808
0.736
0.696
0.776
0.744
0.76
0.72
0.8
0.648
0.824
0.704
0.752
0.76
0.752
0.752
0.808
0.76
0.768
0.76
0.76
0.784
0.816
0.72
0.752
0.672
0.768
0.8
0.76
0.568
0.52
0.624
0.616
0.56
0.656
0.536
0.688
0.52
0.552
0.688
0.68
0.768
0.664
0.68
0.616
0.672
0.768
0.696
0.688
0.704
0.624
0.648
0.696
0.664
0.712
0.688
0.632
0.64
0.608
--------------0.768
0.8
0.728
0.768
0.816
0.856
0.8
0.808
0.832
0.856
0.856
0.848
0.832
0.848
0.84
0.832
0.832
0.784
0.8
0.848
0.84
0.824
0.792
0.784
0.864
0.76
0.84
0.784
0.768
0.736
0.768
0.656
0.688
0.704
0.72
0.768
0.752
0.744
0.744
0.776
0.688
0.744
0.784
0.736
0.688
0.792
0.752
0.768
0.72
0.792
0.656
0.808
0.664
0.776
0.728
0.736
0.768
0.824
0.76
0.752
0.752
0.752
0.792
0.848
0.72
0.768
0.688
0.776
0.808
0.768
0.552
0.512
0.632
0.624
0.568
0.672
0.528
0.696
0.56
0.568
0.688
0.68
0.76
0.688
0.68
0.632
0.632
0.752
0.696
0.664
0.696
0.608
0.632
0.688
0.64
0.704
0.672
0.624
0.672
0.592
--------------tensor(0.7134, dtype=torch.float64)
tensor(0.7348, dtype=torch.float64)
tensor(0.7358, dtype=torch.float64)
