0.784
0.76
0.72
0.752
0.76
0.776
0.784
0.736
0.792
0.76
0.64
0.664
0.648
0.648
0.592
0.648
0.6
0.656
0.632
0.68
0.632
0.672
0.608
0.648
0.592
0.592
0.656
0.608
0.656
0.632
0.64
0.576
0.648
0.576
0.68
0.616
0.68
0.68
0.608
0.68
0.616
0.624
0.648
0.624
0.608
0.632
0.664
0.64
0.592
0.6
0.744
0.784
0.736
0.76
0.744
0.76
0.8
0.792
0.736
0.728
0.8
0.712
0.784
0.816
0.848
0.824
0.736
0.8
0.792
0.8
0.736
0.744
0.72
0.752
0.784
0.688
0.728
0.712
0.728
0.688
0.72
0.696
0.728
0.776
0.768
0.76
0.752
0.72
0.696
0.784
0.712
0.736
0.8
0.8
0.752
0.776
0.744
0.8
0.744
0.768
--------------0.816
0.768
0.72
0.76
0.712
0.784
0.8
0.744
0.776
0.776
0.656
0.68
0.68
0.688
0.624
0.64
0.632
0.68
0.648
0.72
0.664
0.648
0.616
0.672
0.648
0.624
0.688
0.64
0.688
0.632
0.616
0.584
0.608
0.568
0.616
0.616
0.632
0.68
0.576
0.664
0.688
0.664
0.696
0.68
0.672
0.672
0.728
0.696
0.656
0.648
0.768
0.752
0.728
0.752
0.736
0.768
0.776
0.752
0.744
0.76
0.784
0.728
0.776
0.792
0.848
0.84
0.704
0.776
0.8
0.808
0.752
0.736
0.712
0.744
0.768
0.688
0.744
0.712
0.712
0.672
0.744
0.72
0.744
0.768
0.776
0.752
0.768
0.76
0.72
0.76
0.72
0.664
0.808
0.76
0.728
0.792
0.704
0.776
0.744
0.76
--------------0.832
0.744
0.696
0.736
0.736
0.784
0.784
0.728
0.776
0.776
0.656
0.696
0.688
0.672
0.624
0.664
0.64
0.68
0.648
0.704
0.664
0.672
0.64
0.688
0.648
0.608
0.68
0.656
0.696
0.656
0.624
0.6
0.592
0.568
0.6
0.616
0.688
0.664
0.568
0.704
0.664
0.624
0.68
0.664
0.672
0.656
0.728
0.672
0.664
0.632
0.784
0.752
0.744
0.744
0.76
0.768
0.784
0.768
0.76
0.76
0.776
0.728
0.792
0.792
0.84
0.816
0.728
0.808
0.784
0.816
0.752
0.744
0.752
0.752
0.792
0.696
0.744
0.728
0.712
0.68
0.72
0.728
0.728
0.768
0.776
0.76
0.76
0.752
0.728
0.768
0.704
0.704
0.8
0.76
0.744
0.784
0.696
0.792
0.76
0.768
--------------tensor(0.7077, dtype=torch.float64)
tensor(0.7138, dtype=torch.float64)
tensor(0.7161, dtype=torch.float64)
