0.768
0.704
0.712
0.792
0.768
0.8
0.76
0.728
0.76
0.672
0.688
0.68
0.592
0.616
0.672
0.6
0.696
0.656
0.752
0.672
0.488
0.616
0.568
0.648
0.616
0.504
0.616
0.624
0.552
0.592
0.704
0.688
0.704
0.696
0.696
0.704
0.688
0.72
0.648
0.664
0.776
0.72
0.744
0.76
0.752
0.752
0.76
0.744
0.744
0.768
0.44
0.536
0.608
0.576
0.448
0.576
0.6
0.584
0.552
0.48
0.688
0.672
0.688
0.744
0.688
0.728
0.76
0.712
0.688
0.736
0.8
0.72
0.784
0.744
0.76
0.72
0.736
0.712
0.824
0.76
0.736
0.68
0.784
0.744
0.76
0.776
0.656
0.76
0.704
0.768
0.752
0.744
0.744
0.8
0.744
0.792
0.832
0.784
0.808
0.816
--------------0.832
0.768
0.72
0.8
0.736
0.808
0.744
0.728
0.776
0.712
0.696
0.68
0.656
0.632
0.68
0.656
0.672
0.688
0.752
0.72
0.536
0.648
0.592
0.664
0.664
0.52
0.64
0.648
0.552
0.592
0.728
0.696
0.744
0.752
0.72
0.776
0.776
0.768
0.728
0.76
0.808
0.728
0.752
0.808
0.768
0.776
0.792
0.792
0.752
0.784
0.496
0.608
0.688
0.584
0.52
0.552
0.616
0.616
0.576
0.496
0.736
0.72
0.736
0.792
0.76
0.728
0.76
0.76
0.76
0.784
0.8
0.72
0.776
0.76
0.776
0.696
0.736
0.736
0.8
0.776
0.76
0.72
0.808
0.744
0.768
0.776
0.712
0.784
0.712
0.784
0.784
0.72
0.768
0.768
0.752
0.808
0.776
0.768
0.792
0.776
--------------0.784
0.768
0.696
0.8
0.752
0.808
0.744
0.776
0.784
0.696
0.72
0.68
0.6
0.632
0.672
0.632
0.688
0.656
0.752
0.688
0.512
0.608
0.568
0.68
0.656
0.544
0.64
0.632
0.584
0.592
0.736
0.704
0.76
0.768
0.744
0.768
0.784
0.768
0.744
0.728
0.816
0.752
0.768
0.808
0.784
0.792
0.792
0.8
0.776
0.784
0.504
0.584
0.672
0.6
0.512
0.56
0.616
0.608
0.6
0.512
0.76
0.736
0.736
0.768
0.784
0.768
0.8
0.744
0.744
0.752
0.816
0.72
0.776
0.752
0.8
0.704
0.744
0.752
0.832
0.76
0.76
0.68
0.776
0.744
0.76
0.776
0.672
0.768
0.704
0.768
0.744
0.744
0.744
0.76
0.728
0.808
0.8
0.76
0.8
0.776
--------------tensor(0.6959, dtype=torch.float64)
tensor(0.7186, dtype=torch.float64)
tensor(0.7181, dtype=torch.float64)
