0.736
0.728
0.8
0.744
0.736
0.736
0.76
0.768
0.736
0.768
0.632
0.704
0.648
0.664
0.624
0.616
0.608
0.6
0.6
0.56
0.68
0.664
0.656
0.656
0.664
0.68
0.72
0.76
0.648
0.624
0.648
0.704
0.664
0.664
0.664
0.696
0.608
0.672
0.616
0.656
0.632
0.704
0.704
0.728
0.696
0.72
0.712
0.712
0.64
0.672
0.696
0.672
0.688
0.728
0.712
0.728
0.68
0.704
0.768
0.72
0.76
0.808
0.8
0.816
0.792
0.808
0.736
0.824
0.856
0.696
0.712
0.576
0.624
0.672
0.656
0.656
0.688
0.712
0.608
0.68
0.744
0.608
0.584
0.64
0.712
0.656
0.696
0.632
0.672
0.608
0.792
0.856
0.856
0.904
0.832
0.784
0.808
0.88
0.832
0.84
--------------0.744
0.736
0.8
0.744
0.76
0.752
0.792
0.784
0.76
0.728
0.64
0.728
0.656
0.672
0.64
0.6
0.648
0.608
0.624
0.6
0.664
0.704
0.704
0.72
0.688
0.672
0.728
0.728
0.688
0.672
0.72
0.712
0.632
0.664
0.704
0.704
0.6
0.688
0.664
0.656
0.656
0.712
0.696
0.776
0.72
0.704
0.712
0.704
0.648
0.664
0.704
0.672
0.704
0.752
0.72
0.704
0.744
0.736
0.784
0.72
0.768
0.824
0.792
0.816
0.808
0.824
0.76
0.84
0.84
0.736
0.704
0.584
0.616
0.672
0.648
0.672
0.688
0.736
0.624
0.688
0.728
0.616
0.624
0.664
0.696
0.664
0.712
0.648
0.672
0.64
0.784
0.88
0.864
0.88
0.856
0.76
0.848
0.872
0.832
0.832
--------------0.76
0.728
0.8
0.744
0.76
0.736
0.776
0.768
0.76
0.712
0.64
0.72
0.664
0.664
0.624
0.616
0.632
0.624
0.632
0.584
0.664
0.696
0.704
0.712
0.648
0.68
0.736
0.744
0.672
0.664
0.68
0.704
0.64
0.648
0.688
0.728
0.608
0.704
0.648
0.68
0.656
0.72
0.712
0.776
0.696
0.696
0.712
0.696
0.624
0.656
0.704
0.68
0.712
0.744
0.728
0.72
0.704
0.736
0.752
0.736
0.776
0.824
0.8
0.824
0.808
0.808
0.76
0.824
0.84
0.736
0.704
0.6
0.632
0.648
0.648
0.664
0.68
0.696
0.616
0.688
0.752
0.64
0.656
0.656
0.712
0.68
0.728
0.672
0.688
0.648
0.768
0.88
0.856
0.896
0.872
0.768
0.832
0.88
0.832
0.848
--------------tensor(0.7054, dtype=torch.float64)
tensor(0.7167, dtype=torch.float64)
tensor(0.7159, dtype=torch.float64)
