0.712
0.744
0.776
0.76
0.784
0.816
0.672
0.744
0.712
0.784
0.632
0.68
0.624
0.624
0.584
0.608
0.656
0.608
0.672
0.568
0.872
0.824
0.832
0.816
0.816
0.896
0.864
0.88
0.848
0.84
0.84
0.816
0.808
0.84
0.848
0.784
0.84
0.8
0.808
0.832
0.872
0.896
0.856
0.928
0.816
0.872
0.808
0.848
0.848
0.856
--------------0.84
0.832
0.864
0.824
0.864
0.88
0.784
0.856
0.808
0.864
0.648
0.664
0.664
0.672
0.64
0.68
0.672
0.648
0.752
0.6
0.832
0.784
0.808
0.84
0.816
0.832
0.816
0.832
0.848
0.816
0.84
0.816
0.824
0.856
0.88
0.752
0.824
0.832
0.84
0.792
0.896
0.904
0.872
0.976
0.904
0.872
0.856
0.92
0.872
0.896
--------------0.896
0.864
0.88
0.848
0.92
0.896
0.84
0.872
0.808
0.888
0.648
0.688
0.64
0.68
0.656
0.68
0.688
0.664
0.744
0.608
0.872
0.848
0.808
0.84
0.848
0.896
0.832
0.872
0.872
0.824
0.856
0.88
0.888
0.872
0.888
0.816
0.84
0.84
0.848
0.792
0.936
0.92
0.88
0.992
0.952
0.912
0.88
0.928
0.912
0.92
--------------tensor(0.7813, dtype=torch.float64)
tensor(0.8101, dtype=torch.float64)
tensor(0.8334, dtype=torch.float64)
