0.856
0.864
0.84
0.856
0.848
0.752
0.824
0.8
0.84
0.888
0.624
0.672
0.68
0.648
0.624
0.64
0.68
0.632
0.632
0.68
0.84
0.824
0.816
0.808
0.904
0.848
0.856
0.824
0.88
0.864
0.912
0.816
0.864
0.8
0.88
0.888
0.808
0.776
0.848
0.864
0.92
0.896
0.896
0.976
0.944
0.928
0.896
0.904
0.896
0.928
--------------0.872
0.912
0.904
0.872
0.904
0.84
0.888
0.84
0.872
0.904
0.696
0.808
0.744
0.712
0.656
0.704
0.696
0.656
0.736
0.704
0.912
0.896
0.88
0.888
0.928
0.88
0.896
0.92
0.912
0.928
0.872
0.848
0.872
0.784
0.88
0.856
0.848
0.816
0.84
0.872
0.944
0.928
0.936
0.976
0.936
0.944
0.944
0.944
0.928
0.936
--------------0.896
0.912
0.904
0.896
0.896
0.824
0.92
0.848
0.888
0.904
0.704
0.8
0.776
0.712
0.688
0.736
0.752
0.696
0.736
0.736
0.92
0.912
0.848
0.88
0.944
0.888
0.896
0.904
0.92
0.896
0.888
0.824
0.904
0.776
0.872
0.864
0.84
0.816
0.84
0.856
0.944
0.936
0.952
0.976
0.944
0.96
0.944
0.952
0.92
0.952
--------------tensor(0.8197, dtype=torch.float64)
tensor(0.8573, dtype=torch.float64)
tensor(0.8638, dtype=torch.float64)
