0.848
0.928
0.848
0.856
0.912
0.888
0.88
0.88
0.888
0.872
0.912
0.872
0.92
0.912
0.928
0.944
0.888
0.896
0.944
0.912
0.88
0.88
0.904
0.864
0.904
0.904
0.864
0.856
0.888
0.912
0.872
0.808
0.872
0.84
0.872
0.856
0.896
0.896
0.848
0.84
0.88
0.888
0.888
0.88
0.864
0.888
0.888
0.88
0.928
0.88
--------------0.864
0.936
0.888
0.896
0.896
0.92
0.888
0.92
0.912
0.912
0.928
0.912
0.928
0.96
0.952
0.952
0.912
0.904
0.936
0.888
0.896
0.888
0.936
0.888
0.912
0.936
0.928
0.912
0.888
0.92
0.888
0.808
0.912
0.888
0.856
0.872
0.928
0.928
0.88
0.864
0.912
0.904
0.904
0.872
0.848
0.896
0.896
0.88
0.936
0.904
--------------0.912
0.928
0.904
0.896
0.92
0.92
0.888
0.896
0.92
0.912
0.944
0.904
0.944
0.96
0.936
0.952
0.912
0.904
0.944
0.936
0.904
0.904
0.944
0.888
0.936
0.944
0.92
0.896
0.904
0.936
0.88
0.832
0.92
0.904
0.856
0.896
0.912
0.928
0.888
0.88
0.904
0.912
0.896
0.896
0.872
0.888
0.888
0.872
0.928
0.888
--------------tensor(0.8850, dtype=torch.float64)
tensor(0.9037, dtype=torch.float64)
tensor(0.9090, dtype=torch.float64)
