0.976
0.936
0.936
0.936
0.984
0.968
0.936
0.944
0.952
0.928
0.936
0.928
0.888
0.896
0.888
0.912
0.96
0.864
0.904
0.912
0.928
0.936
0.928
0.92
0.936
0.96
0.904
0.936
0.944
0.968
0.976
0.992
0.992
0.984
0.992
0.976
0.968
0.984
0.992
0.992
0.984
0.968
0.96
0.952
0.976
0.984
0.968
0.976
0.992
0.968
0.976
0.992
0.984
1.0
0.992
0.992
0.984
0.992
1.0
0.984
0.968
0.96
0.944
0.936
0.96
0.96
0.96
0.96
0.96
0.984
1.0
1.0
1.0
1.0
1.0
1.0
1.0
1.0
1.0
1.0
0.992
0.984
1.0
0.992
0.976
0.984
0.984
1.0
0.96
0.992
0.88
0.896
0.904
0.92
0.896
0.904
0.92
0.912
0.872
0.896
--------------0.984
0.96
0.976
0.976
0.992
0.976
0.968
0.96
0.968
0.968
0.96
0.944
0.936
0.928
0.872
0.912
0.968
0.896
0.904
0.936
0.904
0.92
0.912
0.904
0.896
0.928
0.896
0.928
0.944
0.96
0.976
0.992
0.992
0.984
0.992
0.976
0.968
0.984
0.992
0.992
0.984
0.992
0.992
0.952
0.976
0.992
0.976
0.992
1.0
1.0
1.0
1.0
1.0
1.0
1.0
1.0
1.0
1.0
1.0
1.0
0.912
0.936
0.952
0.912
0.92
0.888
0.936
0.912
0.936
0.976
1.0
1.0
1.0
1.0
1.0
1.0
1.0
1.0
1.0
1.0
1.0
1.0
1.0
1.0
1.0
1.0
1.0
1.0
1.0
1.0
0.936
0.944
0.952
0.936
0.952
0.92
0.92
0.912
0.888
0.928
--------------0.984
0.936
0.944
0.952
0.984
0.976
0.952
0.952
0.968
0.952
0.944
0.936
0.904
0.904
0.856
0.912
0.96
0.872
0.904
0.912
0.904
0.896
0.904
0.896
0.896
0.928
0.88
0.896
0.944
0.92
1.0
1.0
1.0
1.0
1.0
1.0
1.0
1.0
1.0
1.0
0.984
0.992
0.992
0.952
0.976
0.992
0.976
0.992
1.0
1.0
0.976
0.992
0.984
1.0
0.992
0.992
0.984
0.992
1.0
0.984
0.944
0.952
0.968
0.952
0.968
0.952
0.968
0.944
0.984
0.984
1.0
1.0
1.0
1.0
1.0
1.0
1.0
1.0
1.0
1.0
1.0
1.0
1.0
1.0
1.0
1.0
1.0
1.0
1.0
1.0
0.872
0.888
0.888
0.92
0.896
0.92
0.928
0.904
0.88
0.92
--------------tensor(0.9587, dtype=torch.float64)
tensor(0.9645, dtype=torch.float64)
tensor(0.9615, dtype=torch.float64)
