0.864
0.896
0.912
0.864
0.92
0.912
0.88
0.928
0.88
0.912
0.928
0.952
0.952
0.944
0.928
0.88
0.928
0.944
0.928
0.92
0.984
0.992
0.992
0.992
0.992
0.992
1.0
0.992
1.0
0.968
0.984
1.0
0.992
0.976
1.0
0.992
1.0
0.992
0.992
0.992
0.928
0.904
0.936
0.936
0.896
0.912
0.888
0.896
0.936
0.952
0.984
0.984
0.984
0.992
0.976
0.992
0.968
0.992
1.0
1.0
0.92
0.928
0.952
0.928
0.936
0.904
0.904
0.92
0.912
0.896
1.0
1.0
1.0
1.0
1.0
1.0
1.0
1.0
1.0
1.0
0.952
0.952
0.992
0.936
0.96
0.944
0.968
0.928
0.944
0.96
0.952
0.96
0.976
0.968
0.944
0.952
0.952
0.96
1.0
0.968
--------------0.92
0.936
0.944
0.936
0.952
0.928
0.944
0.952
0.952
0.96
0.968
0.976
0.968
0.96
0.976
0.944
0.944
0.96
0.968
0.936
1.0
1.0
0.992
0.984
1.0
0.984
1.0
0.984
0.992
0.992
1.0
0.984
0.984
0.984
0.992
0.976
0.992
0.992
0.992
0.992
0.928
0.904
0.936
0.936
0.904
0.904
0.904
0.912
0.928
0.96
1.0
1.0
1.0
1.0
1.0
1.0
1.0
1.0
1.0
1.0
0.896
0.96
0.912
0.928
0.936
0.912
0.896
0.944
0.912
0.896
1.0
1.0
1.0
1.0
1.0
1.0
1.0
1.0
1.0
1.0
1.0
0.992
1.0
0.976
0.984
1.0
1.0
0.976
0.992
0.984
0.944
0.976
0.936
0.968
0.92
0.936
0.96
0.952
0.984
0.96
--------------0.888
0.904
0.928
0.904
0.92
0.92
0.904
0.936
0.928
0.936
0.96
0.968
0.96
0.952
0.952
0.936
0.936
0.96
0.968
0.928
0.984
0.992
0.992
0.992
0.992
0.992
1.0
0.992
1.0
0.968
0.984
1.0
0.992
0.976
1.0
0.992
1.0
0.992
0.992
0.992
0.928
0.904
0.936
0.936
0.896
0.912
0.888
0.896
0.936
0.952
0.984
0.992
0.992
0.992
0.984
0.992
1.0
0.984
0.992
0.984
0.928
0.968
0.968
0.928
0.936
0.92
0.904
0.96
0.928
0.936
1.0
1.0
1.0
1.0
1.0
1.0
1.0
1.0
1.0
1.0
1.0
0.992
1.0
0.976
0.984
1.0
1.0
0.976
0.992
0.984
0.952
0.96
0.952
0.968
0.928
0.928
0.928
0.936
0.944
0.952
--------------tensor(0.9552, dtype=torch.float64)
tensor(0.9669, dtype=torch.float64)
tensor(0.9632, dtype=torch.float64)
