0.736
0.688
0.736
0.68
0.736
0.672
0.736
0.672
0.696
0.728
0.52
0.584
0.568
0.6
0.576
0.536
0.568
0.584
0.576
0.6
0.52
0.6
0.512
0.592
0.536
0.552
0.6
0.608
0.504
0.568
0.824
0.832
0.808
0.76
0.816
0.848
0.744
0.768
0.856
0.784
0.792
0.8
0.776
0.752
0.776
0.736
0.712
0.816
0.792
0.816
0.72
0.68
0.72
0.712
0.752
0.728
0.648
0.704
0.744
0.672
0.784
0.72
0.744
0.744
0.816
0.704
0.752
0.816
0.792
0.744
0.728
0.752
0.664
0.72
0.688
0.696
0.696
0.744
0.704
0.664
0.648
0.672
0.696
0.672
0.584
0.696
0.776
0.736
0.728
0.696
0.656
0.672
0.688
0.672
0.672
0.704
0.672
0.688
0.608
0.712
--------------0.768
0.736
0.784
0.688
0.76
0.72
0.768
0.704
0.72
0.736
0.512
0.6
0.576
0.616
0.592
0.544
0.584
0.616
0.584
0.592
0.576
0.632
0.512
0.576
0.552
0.552
0.576
0.624
0.504
0.568
0.816
0.824
0.824
0.776
0.832
0.848
0.792
0.784
0.872
0.808
0.792
0.784
0.752
0.768
0.768
0.728
0.696
0.808
0.768
0.792
0.768
0.704
0.736
0.728
0.776
0.776
0.696
0.752
0.768
0.696
0.792
0.728
0.768
0.8
0.792
0.72
0.776
0.816
0.8
0.76
0.8
0.76
0.744
0.752
0.736
0.744
0.728
0.816
0.76
0.696
0.704
0.72
0.728
0.736
0.664
0.736
0.824
0.752
0.744
0.688
0.664
0.752
0.752
0.712
0.72
0.752
0.712
0.704
0.64
0.688
--------------0.752
0.736
0.792
0.712
0.784
0.712
0.776
0.704
0.76
0.752
0.52
0.592
0.568
0.648
0.608
0.552
0.56
0.616
0.568
0.6
0.536
0.624
0.512
0.584
0.536
0.592
0.584
0.64
0.528
0.576
0.832
0.848
0.832
0.8
0.872
0.84
0.8
0.808
0.88
0.808
0.8
0.784
0.768
0.784
0.784
0.736
0.712
0.8
0.76
0.8
0.752
0.712
0.736
0.72
0.784
0.744
0.68
0.752
0.76
0.664
0.824
0.76
0.776
0.808
0.808
0.736
0.776
0.824
0.784
0.76
0.784
0.784
0.736
0.792
0.736
0.728
0.72
0.776
0.784
0.712
0.696
0.712
0.736
0.752
0.632
0.712
0.824
0.752
0.768
0.712
0.68
0.72
0.768
0.696
0.704
0.76
0.696
0.712
0.656
0.712
--------------tensor(0.6959, dtype=torch.float64)
tensor(0.7178, dtype=torch.float64)
tensor(0.7218, dtype=torch.float64)
