0.744
0.704
0.736
0.72
0.68
0.768
0.768
0.736
0.752
0.728
0.768
0.84
0.792
0.84
0.792
0.784
0.792
0.824
0.792
0.768
0.776
0.744
0.816
0.728
0.736
0.72
0.776
0.744
0.8
0.808
0.712
0.664
0.776
0.68
0.712
0.728
0.616
0.688
0.736
0.712
0.752
0.8
0.792
0.8
0.784
0.776
0.848
0.816
0.792
0.768
0.84
0.824
0.824
0.856
0.832
0.856
0.808
0.824
0.808
0.856
0.704
0.784
0.84
0.792
0.824
0.736
0.776
0.736
0.784
0.752
0.496
0.488
0.504
0.504
0.536
0.528
0.456
0.448
0.456
0.48
0.768
0.744
0.72
0.792
0.808
0.84
0.808
0.76
0.712
0.8
0.608
0.696
0.648
0.712
0.672
0.672
0.624
0.624
0.608
0.664
--------------0.768
0.76
0.776
0.784
0.736
0.808
0.784
0.792
0.76
0.76
0.752
0.824
0.76
0.864
0.768
0.808
0.808
0.8
0.8
0.744
0.8
0.744
0.808
0.744
0.744
0.736
0.776
0.728
0.856
0.824
0.72
0.728
0.808
0.696
0.736
0.808
0.64
0.712
0.736
0.784
0.792
0.776
0.728
0.752
0.832
0.808
0.808
0.824
0.792
0.776
0.824
0.824
0.832
0.832
0.792
0.824
0.8
0.808
0.792
0.832
0.792
0.792
0.856
0.824
0.808
0.76
0.768
0.76
0.792
0.8
0.488
0.496
0.528
0.52
0.584
0.52
0.472
0.44
0.456
0.472
0.776
0.792
0.752
0.784
0.8
0.872
0.848
0.768
0.72
0.808
0.624
0.68
0.608
0.72
0.696
0.664
0.632
0.64
0.624
0.648
--------------0.752
0.768
0.792
0.784
0.688
0.792
0.768
0.808
0.776
0.776
0.768
0.824
0.776
0.88
0.752
0.784
0.816
0.816
0.808
0.776
0.84
0.768
0.8
0.736
0.736
0.728
0.768
0.76
0.864
0.8
0.736
0.72
0.808
0.72
0.728
0.768
0.64
0.736
0.744
0.784
0.768
0.768
0.76
0.792
0.84
0.8
0.824
0.808
0.784
0.744
0.84
0.872
0.832
0.864
0.816
0.832
0.824
0.824
0.808
0.84
0.816
0.8
0.872
0.8
0.8
0.768
0.76
0.776
0.816
0.792
0.496
0.504
0.52
0.528
0.552
0.544
0.472
0.464
0.48
0.504
0.8
0.8
0.784
0.832
0.808
0.872
0.856
0.792
0.736
0.784
0.608
0.688
0.616
0.72
0.688
0.664
0.64
0.632
0.616
0.672
--------------tensor(0.7316, dtype=torch.float64)
tensor(0.7422, dtype=torch.float64)
tensor(0.7480, dtype=torch.float64)
