0.68
0.648
0.656
0.664
0.608
0.736
0.696
0.624
0.656
0.648
0.712
0.744
0.744
0.728
0.736
0.752
0.8
0.688
0.688
0.744
0.768
0.72
0.688
0.704
0.728
0.704
0.728
0.784
0.728
0.72
0.704
0.664
0.696
0.68
0.576
0.624
0.656
0.672
0.744
0.656
0.648
0.736
0.744
0.768
0.728
0.792
0.768
0.72
0.704
0.696
0.64
0.672
0.648
0.64
0.76
0.624
0.632
0.656
0.656
0.688
0.712
0.696
0.648
0.76
0.768
0.744
0.688
0.744
0.664
0.712
0.648
0.688
0.672
0.696
0.672
0.624
0.696
0.6
0.672
0.672
0.672
0.688
0.656
0.712
0.648
0.68
0.776
0.624
0.76
0.64
0.64
0.656
0.712
0.656
0.648
0.704
0.656
0.696
0.664
0.656
--------------0.704
0.616
0.68
0.64
0.64
0.728
0.696
0.68
0.68
0.656
0.72
0.712
0.76
0.712
0.712
0.792
0.744
0.704
0.704
0.744
0.808
0.752
0.744
0.712
0.76
0.744
0.776
0.776
0.752
0.752
0.712
0.68
0.736
0.72
0.672
0.68
0.688
0.744
0.792
0.712
0.68
0.696
0.776
0.808
0.736
0.776
0.8
0.704
0.728
0.672
0.656
0.664
0.664
0.624
0.72
0.64
0.632
0.632
0.696
0.704
0.768
0.68
0.688
0.744
0.784
0.736
0.712
0.8
0.704
0.696
0.736
0.728
0.744
0.744
0.72
0.656
0.816
0.696
0.76
0.696
0.64
0.72
0.688
0.72
0.664
0.744
0.752
0.64
0.752
0.656
0.584
0.568
0.624
0.52
0.576
0.616
0.608
0.616
0.616
0.576
--------------0.696
0.656
0.664
0.648
0.608
0.784
0.704
0.664
0.648
0.664
0.736
0.736
0.728
0.712
0.712
0.768
0.776
0.696
0.704
0.744
0.824
0.752
0.752
0.752
0.76
0.768
0.784
0.8
0.776
0.768
0.736
0.728
0.768
0.744
0.656
0.68
0.72
0.768
0.824
0.728
0.72
0.744
0.816
0.816
0.736
0.8
0.832
0.72
0.736
0.712
0.68
0.688
0.712
0.616
0.72
0.64
0.624
0.68
0.672
0.736
0.768
0.728
0.664
0.76
0.792
0.752
0.736
0.824
0.712
0.736
0.72
0.784
0.736
0.768
0.704
0.656
0.808
0.664
0.76
0.728
0.68
0.712
0.696
0.704
0.656
0.736
0.768
0.664
0.768
0.672
0.624
0.616
0.656
0.576
0.608
0.648
0.632
0.664
0.656
0.632
--------------tensor(0.6914, dtype=torch.float64)
tensor(0.7023, dtype=torch.float64)
tensor(0.7170, dtype=torch.float64)
