0.648
0.72
0.632
0.64
0.656
0.664
0.68
0.592
0.664
0.664
0.672
0.696
0.664
0.68
0.656
0.64
0.672
0.656
0.68
0.72
0.808
0.72
0.776
0.72
0.744
0.736
0.76
0.8
0.744
0.792
0.752
0.824
0.808
0.864
0.792
0.776
0.824
0.768
0.84
0.792
0.776
0.8
0.824
0.824
0.8
0.768
0.832
0.816
0.784
0.784
0.76
0.728
0.784
0.784
0.752
0.704
0.696
0.728
0.768
0.752
0.728
0.712
0.792
0.744
0.744
0.728
0.776
0.72
0.728
0.712
0.736
0.736
0.72
0.704
0.728
0.704
0.664
0.768
0.744
0.704
0.712
0.696
0.68
0.712
0.728
0.728
0.712
0.688
0.648
0.704
0.6
0.632
0.592
0.704
0.576
0.6
0.64
0.656
0.616
0.648
--------------0.768
0.744
0.768
0.712
0.744
0.768
0.736
0.68
0.744
0.744
0.736
0.664
0.688
0.744
0.696
0.672
0.68
0.632
0.712
0.664
0.776
0.712
0.792
0.76
0.72
0.736
0.776
0.792
0.744
0.76
0.72
0.832
0.792
0.816
0.784
0.76
0.744
0.776
0.832
0.768
0.712
0.8
0.816
0.744
0.776
0.76
0.808
0.784
0.744
0.752
0.712
0.696
0.704
0.704
0.704
0.656
0.696
0.696
0.656
0.712
0.744
0.712
0.824
0.744
0.768
0.744
0.816
0.744
0.712
0.712
0.752
0.776
0.744
0.752
0.744
0.808
0.688
0.752
0.792
0.712
0.696
0.712
0.704
0.712
0.728
0.712
0.696
0.704
0.672
0.736
0.592
0.616
0.584
0.68
0.584
0.576
0.632
0.632
0.624
0.656
--------------0.728
0.76
0.736
0.688
0.712
0.72
0.704
0.632
0.712
0.68
0.736
0.752
0.712
0.712
0.68
0.672
0.688
0.68
0.728
0.688
0.808
0.696
0.792
0.752
0.728
0.752
0.752
0.8
0.752
0.768
0.752
0.832
0.832
0.848
0.784
0.768
0.824
0.8
0.864
0.784
0.736
0.824
0.816
0.784
0.768
0.76
0.8
0.8
0.752
0.768
0.752
0.704
0.752
0.752
0.736
0.696
0.712
0.72
0.704
0.76
0.736
0.712
0.816
0.736
0.768
0.752
0.808
0.736
0.712
0.704
0.776
0.792
0.72
0.752
0.792
0.784
0.704
0.752
0.792
0.76
0.712
0.688
0.672
0.704
0.712
0.72
0.68
0.68
0.648
0.688
0.616
0.68
0.64
0.736
0.632
0.648
0.672
0.68
0.664
0.688
--------------tensor(0.7226, dtype=torch.float64)
tensor(0.7261, dtype=torch.float64)
tensor(0.7357, dtype=torch.float64)
