0.96
0.944
0.936
0.96
0.936
0.96
0.92
0.928
0.928
0.936
0.92
0.96
0.928
0.912
0.96
0.976
0.944
0.944
0.968
0.888
0.896
0.856
0.888
0.88
0.872
0.872
0.872
0.824
0.832
0.832
0.872
0.896
0.848
0.864
0.872
0.832
0.912
0.872
0.92
0.88
0.96
0.928
0.944
1.0
0.976
0.968
0.952
0.968
0.984
0.984
0.816
0.776
0.776
0.784
0.808
0.8
0.808
0.808
0.816
0.8
0.976
0.912
0.936
0.96
0.952
0.928
0.96
0.952
0.96
0.88
0.704
0.664
0.712
0.744
0.688
0.712
0.704
0.744
0.704
0.728
0.904
0.952
0.92
0.92
0.928
0.864
0.912
0.888
0.88
0.864
0.784
0.84
0.864
0.816
0.8
0.84
0.856
0.864
0.824
0.824
--------------0.936
0.952
0.96
0.944
0.944
0.968
0.912
0.928
0.928
0.936
0.928
0.952
0.928
0.92
0.96
0.96
0.96
0.936
0.96
0.888
0.928
0.92
0.92
0.912
0.92
0.904
0.912
0.912
0.848
0.88
0.872
0.92
0.88
0.896
0.872
0.864
0.936
0.888
0.92
0.888
0.952
0.92
0.944
0.976
0.968
0.952
0.936
0.968
0.968
0.976
0.848
0.792
0.8
0.808
0.832
0.808
0.832
0.84
0.824
0.824
0.952
0.92
0.96
0.928
0.928
0.944
0.896
0.92
0.928
0.848
0.752
0.704
0.752
0.784
0.736
0.728
0.72
0.784
0.736
0.76
0.912
0.944
0.928
0.928
0.944
0.896
0.936
0.896
0.888
0.896
0.872
0.888
0.904
0.896
0.904
0.904
0.928
0.912
0.872
0.864
--------------0.968
0.96
0.968
0.968
0.952
0.976
0.944
0.936
0.944
0.952
0.936
0.96
0.928
0.928
0.968
0.976
0.96
0.96
0.968
0.888
0.896
0.872
0.888
0.928
0.88
0.92
0.896
0.864
0.848
0.864
0.88
0.904
0.856
0.88
0.872
0.856
0.936
0.88
0.92
0.896
0.952
0.92
0.944
0.976
0.968
0.952
0.936
0.968
0.968
0.976
0.824
0.776
0.792
0.8
0.824
0.8
0.824
0.808
0.816
0.816
0.96
0.896
0.936
0.944
0.936
0.92
0.92
0.936
0.952
0.848
0.736
0.704
0.76
0.744
0.728
0.72
0.712
0.768
0.744
0.744
0.92
0.952
0.936
0.936
0.952
0.896
0.936
0.904
0.896
0.896
0.848
0.88
0.896
0.88
0.864
0.904
0.896
0.888
0.856
0.84
--------------tensor(0.8772, dtype=torch.float64)
tensor(0.8935, dtype=torch.float64)
tensor(0.8900, dtype=torch.float64)
