0.68
0.696
0.696
0.728
0.72
0.704
0.688
0.672
0.632
0.752
0.696
0.744
0.72
0.728
0.744
0.76
0.776
0.696
0.784
0.696
0.816
0.816
0.824
0.816
0.824
0.848
0.824
0.84
0.84
0.784
0.808
0.72
0.744
0.792
0.712
0.768
0.76
0.784
0.776
0.776
0.76
0.8
0.784
0.792
0.728
0.776
0.688
0.8
0.672
0.784
--------------0.704
0.712
0.68
0.736
0.68
0.728
0.728
0.712
0.656
0.72
0.752
0.712
0.76
0.784
0.792
0.792
0.768
0.784
0.8
0.72
0.904
0.88
0.912
0.888
0.928
0.936
0.92
0.904
0.904
0.872
0.824
0.784
0.816
0.832
0.72
0.816
0.768
0.84
0.824
0.816
0.816
0.816
0.816
0.808
0.824
0.808
0.712
0.896
0.792
0.824
--------------0.704
0.696
0.68
0.744
0.728
0.728
0.688
0.68
0.664
0.744
0.712
0.752
0.752
0.736
0.768
0.776
0.744
0.744
0.8
0.72
0.888
0.864
0.88
0.84
0.88
0.912
0.896
0.912
0.88
0.856
0.824
0.8
0.808
0.84
0.72
0.8
0.72
0.816
0.808
0.784
0.776
0.8
0.752
0.808
0.784
0.784
0.72
0.832
0.736
0.808
--------------tensor(0.7554, dtype=torch.float64)
tensor(0.7984, dtype=torch.float64)
tensor(0.7818, dtype=torch.float64)
