0.56
0.584
0.512
0.584
0.496
0.504
0.504
0.488
0.48
0.576
0.688
0.648
0.728
0.68
0.68
0.672
0.664
0.688
0.648
0.752
0.832
0.848
0.816
0.824
0.872
0.792
0.864
0.776
0.808
0.8
0.48
0.496
0.52
0.472
0.4
0.464
0.496
0.472
0.472
0.488
0.712
0.704
0.672
0.752
0.688
0.72
0.648
0.712
0.656
0.712
--------------0.592
0.632
0.6
0.656
0.6
0.552
0.584
0.56
0.568
0.624
0.696
0.664
0.688
0.728
0.688
0.664
0.64
0.672
0.656
0.712
0.84
0.768
0.832
0.8
0.84
0.792
0.864
0.784
0.824
0.808
0.536
0.536
0.576
0.568
0.448
0.512
0.536
0.52
0.552
0.552
0.712
0.672
0.696
0.72
0.624
0.68
0.68
0.76
0.672
0.728
--------------0.592
0.624
0.576
0.624
0.552
0.544
0.544
0.536
0.52
0.568
0.672
0.688
0.768
0.696
0.688
0.696
0.656
0.688
0.664
0.776
0.84
0.784
0.816
0.768
0.832
0.784
0.832
0.8
0.792
0.792
0.544
0.56
0.592
0.536
0.504
0.552
0.52
0.544
0.544
0.568
0.696
0.672
0.696
0.712
0.624
0.656
0.664
0.76
0.664
0.664
--------------tensor(0.6421, dtype=torch.float64)
tensor(0.6642, dtype=torch.float64)
tensor(0.6597, dtype=torch.float64)
