0.84
0.752
0.784
0.808
0.768
0.776
0.768
0.792
0.832
0.8
0.928
0.912
0.96
0.936
0.928
0.928
0.944
0.904
0.952
0.944
0.864
0.84
0.904
0.856
0.856
0.816
0.84
0.8
0.824
0.856
0.8
0.816
0.824
0.8
0.84
0.808
0.84
0.808
0.808
0.832
0.768
0.712
0.744
0.784
0.696
0.72
0.712
0.712
0.728
0.76
--------------0.84
0.728
0.832
0.8
0.768
0.768
0.784
0.792
0.832
0.816
0.928
0.936
0.96
0.928
0.92
0.944
0.952
0.944
0.944
0.92
0.88
0.84
0.896
0.848
0.856
0.832
0.832
0.816
0.816
0.84
0.824
0.8
0.84
0.832
0.856
0.792
0.848
0.784
0.832
0.848
0.8
0.704
0.76
0.768
0.696
0.712
0.72
0.704
0.776
0.744
--------------0.848
0.744
0.792
0.768
0.768
0.792
0.792
0.8
0.824
0.8
0.912
0.904
0.952
0.912
0.92
0.92
0.952
0.896
0.952
0.92
0.872
0.848
0.904
0.856
0.856
0.84
0.816
0.816
0.816
0.848
0.824
0.84
0.824
0.808
0.856
0.792
0.856
0.824
0.832
0.832
0.752
0.688
0.736
0.752
0.704
0.72
0.696
0.736
0.744
0.76
--------------tensor(0.8245, dtype=torch.float64)
tensor(0.8286, dtype=torch.float64)
tensor(0.8243, dtype=torch.float64)
