0.976
0.96
0.984
0.968
0.984
0.976
0.96
0.96
0.936
0.952
0.952
0.952
0.92
0.936
0.944
0.96
0.896
0.944
0.968
0.936
0.944
0.944
0.968
0.96
0.952
0.88
0.944
0.912
0.904
0.92
0.88
0.904
0.888
0.896
0.904
0.912
0.936
0.888
0.888
0.944
0.936
0.904
0.936
0.912
0.92
0.888
0.92
0.928
0.92
0.896
0.944
0.96
0.928
0.944
0.936
0.936
0.968
0.952
0.928
0.912
0.784
0.832
0.832
0.864
0.832
0.864
0.776
0.824
0.816
0.776
0.888
0.864
0.736
0.872
0.88
0.88
0.856
0.824
0.888
0.832
0.768
0.76
0.76
0.768
0.784
0.728
0.808
0.8
0.736
0.792
0.776
0.912
0.848
0.832
0.888
0.784
0.84
0.888
0.872
0.824
--------------0.976
0.976
0.976
0.992
0.984
0.992
0.968
0.992
0.992
0.992
0.976
0.976
0.96
0.96
0.976
0.96
0.936
0.976
0.984
0.968
0.936
0.928
0.96
0.936
0.944
0.864
0.92
0.896
0.896
0.912
0.888
0.944
0.896
0.904
0.904
0.936
0.96
0.912
0.904
0.944
0.944
0.928
0.936
0.928
0.936
0.904
0.92
0.944
0.936
0.904
0.952
0.952
0.944
0.976
0.928
0.936
0.96
0.92
0.928
0.904
0.832
0.856
0.872
0.896
0.904
0.896
0.808
0.872
0.848
0.808
0.928
0.92
0.816
0.904
0.896
0.944
0.92
0.904
0.92
0.84
0.776
0.784
0.808
0.768
0.8
0.792
0.84
0.816
0.784
0.808
0.808
0.928
0.896
0.856
0.912
0.824
0.864
0.912
0.904
0.872
--------------0.952
0.96
0.952
0.952
0.984
0.984
0.968
0.96
1.0
0.976
0.984
0.984
0.976
0.976
0.984
0.96
0.944
0.984
1.0
0.984
0.92
0.936
0.952
0.96
0.944
0.864
0.928
0.896
0.896
0.912
0.896
0.904
0.904
0.896
0.904
0.912
0.936
0.896
0.904
0.96
0.944
0.928
0.936
0.928
0.936
0.904
0.92
0.944
0.936
0.904
0.952
0.952
0.944
0.976
0.928
0.936
0.96
0.92
0.928
0.904
0.824
0.84
0.856
0.88
0.856
0.864
0.792
0.84
0.824
0.792
0.92
0.896
0.792
0.888
0.888
0.92
0.896
0.864
0.92
0.84
0.776
0.808
0.784
0.776
0.8
0.768
0.832
0.832
0.76
0.816
0.776
0.92
0.872
0.832
0.904
0.8
0.848
0.896
0.88
0.84
--------------tensor(0.8889, dtype=torch.float64)
tensor(0.9091, dtype=torch.float64)
tensor(0.9018, dtype=torch.float64)
