0.984
0.984
0.992
0.976
1.0
1.0
0.992
0.976
0.968
1.0
0.952
0.968
0.936
0.952
0.96
0.976
0.928
0.952
0.992
0.96
0.872
0.888
0.928
0.856
0.832
0.848
0.904
0.864
0.832
0.856
0.968
0.936
0.968
0.952
0.968
0.952
0.976
0.952
0.952
0.96
0.912
0.864
0.84
0.872
0.88
0.864
0.88
0.904
0.896
0.888
0.912
0.952
0.936
0.944
0.928
0.928
0.928
0.928
0.96
0.896
0.952
0.936
0.944
0.912
0.936
0.96
0.936
0.976
0.96
0.976
0.912
0.944
0.944
0.976
0.944
0.944
0.96
0.936
0.944
0.952
0.992
0.976
0.952
0.968
0.968
1.0
0.952
0.96
0.984
0.96
0.968
0.96
0.984
0.976
0.976
0.984
0.976
0.976
0.952
0.992
--------------0.984
1.0
0.96
0.976
0.984
1.0
0.992
0.976
1.0
0.984
0.952
0.968
0.936
0.952
0.96
0.976
0.928
0.952
0.992
0.96
0.832
0.808
0.856
0.824
0.8
0.808
0.832
0.816
0.76
0.824
0.912
0.88
0.912
0.888
0.872
0.896
0.912
0.888
0.856
0.888
0.912
0.872
0.864
0.912
0.88
0.864
0.896
0.912
0.896
0.888
0.952
0.96
0.976
0.96
0.952
0.952
0.96
0.952
0.976
0.928
0.872
0.888
0.88
0.856
0.88
0.872
0.864
0.896
0.92
0.944
0.872
0.936
0.904
0.928
0.92
0.896
0.92
0.896
0.912
0.92
0.992
0.968
0.928
0.944
0.96
0.984
0.928
0.952
0.968
0.944
1.0
1.0
1.0
1.0
1.0
1.0
1.0
1.0
1.0
1.0
--------------1.0
1.0
1.0
1.0
1.0
1.0
1.0
1.0
1.0
1.0
0.976
0.992
0.96
0.976
0.992
1.0
0.968
0.984
1.0
1.0
0.84
0.832
0.864
0.84
0.808
0.824
0.84
0.832
0.776
0.832
0.952
0.92
0.96
0.936
0.944
0.936
0.952
0.928
0.928
0.928
0.912
0.872
0.864
0.912
0.88
0.864
0.896
0.912
0.896
0.888
0.968
0.976
0.984
0.976
0.96
0.952
0.976
0.96
0.984
0.96
0.952
0.936
0.944
0.912
0.936
0.96
0.936
0.976
0.96
0.976
0.904
0.944
0.928
0.976
0.944
0.928
0.944
0.928
0.936
0.944
1.0
0.976
0.936
0.952
0.968
0.984
0.96
0.968
0.976
0.976
0.968
0.96
0.984
0.976
0.976
0.984
0.976
0.976
0.952
0.992
--------------tensor(0.9422, dtype=torch.float64)
tensor(0.9250, dtype=torch.float64)
tensor(0.9442, dtype=torch.float64)
