0.728
0.72
0.752
0.712
0.72
0.744
0.704
0.744
0.776
0.656
0.84
0.888
0.92
0.864
0.88
0.912
0.832
0.872
0.848
0.896
0.76
0.768
0.776
0.76
0.784
0.744
0.736
0.76
0.752
0.784
0.792
0.816
0.8
0.816
0.84
0.736
0.824
0.84
0.784
0.856
0.88
0.84
0.8
0.816
0.76
0.84
0.832
0.816
0.824
0.768
0.808
0.824
0.832
0.824
0.776
0.728
0.776
0.784
0.744
0.832
0.728
0.728
0.768
0.728
0.704
0.752
0.72
0.712
0.712
0.728
0.744
0.816
0.792
0.824
0.768
0.784
0.784
0.768
0.776
0.784
0.712
0.736
0.824
0.744
0.736
0.696
0.784
0.728
0.752
0.704
0.752
0.8
0.744
0.76
0.664
0.712
0.752
0.736
0.776
0.744
--------------0.8
0.784
0.784
0.752
0.736
0.808
0.744
0.776
0.856
0.728
0.848
0.904
0.904
0.896
0.88
0.904
0.832
0.904
0.856
0.888
0.8
0.768
0.808
0.768
0.8
0.784
0.784
0.8
0.8
0.824
0.816
0.808
0.784
0.824
0.848
0.776
0.832
0.856
0.8
0.84
0.904
0.848
0.84
0.84
0.808
0.824
0.832
0.856
0.856
0.824
0.816
0.872
0.856
0.856
0.832
0.776
0.808
0.816
0.848
0.84
0.84
0.776
0.824
0.824
0.8
0.792
0.704
0.76
0.752
0.776
0.816
0.832
0.832
0.848
0.816
0.808
0.856
0.816
0.824
0.816
0.76
0.768
0.832
0.768
0.736
0.736
0.776
0.72
0.768
0.728
0.776
0.84
0.776
0.816
0.752
0.808
0.8
0.784
0.8
0.792
--------------0.784
0.808
0.8
0.752
0.736
0.8
0.72
0.816
0.832
0.704
0.832
0.912
0.896
0.864
0.856
0.912
0.84
0.888
0.864
0.88
0.808
0.752
0.792
0.776
0.808
0.776
0.776
0.824
0.776
0.824
0.824
0.784
0.784
0.84
0.848
0.744
0.84
0.856
0.792
0.848
0.888
0.824
0.816
0.856
0.784
0.824
0.84
0.832
0.848
0.808
0.832
0.864
0.84
0.84
0.8
0.776
0.8
0.848
0.816
0.848
0.832
0.776
0.816
0.824
0.768
0.792
0.704
0.776
0.784
0.8
0.792
0.864
0.792
0.848
0.76
0.8
0.816
0.8
0.832
0.8
0.72
0.76
0.816
0.784
0.72
0.72
0.792
0.744
0.76
0.704
0.808
0.872
0.784
0.816
0.704
0.808
0.832
0.784
0.808
0.768
--------------tensor(0.7782, dtype=torch.float64)
tensor(0.8110, dtype=torch.float64)
tensor(0.8063, dtype=torch.float64)
