0.592
0.576
0.552
0.616
0.528
0.64
0.632
0.544
0.568
0.592
0.496
0.568
0.488
0.544
0.488
0.568
0.544
0.464
0.568
0.512
0.816
0.728
0.784
0.76
0.792
0.776
0.792
0.744
0.776
0.792
0.52
0.56
0.56
0.544
0.576
0.56
0.52
0.544
0.56
0.552
0.608
0.608
0.568
0.632
0.592
0.664
0.592
0.592
0.648
0.64
0.656
0.672
0.624
0.608
0.608
0.632
0.608
0.624
0.608
0.632
0.696
0.584
0.6
0.608
0.664
0.6
0.608
0.672
0.672
0.656
0.696
0.64
0.64
0.68
0.6
0.688
0.664
0.68
0.624
0.68
0.48
0.576
0.576
0.568
0.544
0.496
0.56
0.504
0.52
0.552
0.744
0.744
0.72
0.688
0.76
0.76
0.688
0.736
0.72
0.736
--------------0.616
0.6
0.592
0.656
0.584
0.672
0.656
0.576
0.64
0.648
0.64
0.672
0.6
0.608
0.616
0.656
0.608
0.552
0.608
0.6
0.848
0.784
0.816
0.816
0.848
0.832
0.88
0.84
0.848
0.832
0.56
0.6
0.568
0.56
0.616
0.608
0.536
0.584
0.6
0.576
0.568
0.664
0.648
0.648
0.616
0.672
0.712
0.64
0.672
0.728
0.616
0.624
0.584
0.608
0.632
0.608
0.608
0.616
0.648
0.64
0.808
0.744
0.752
0.816
0.832
0.8
0.784
0.816
0.8
0.8
0.76
0.68
0.728
0.76
0.672
0.768
0.776
0.792
0.704
0.76
0.576
0.664
0.624
0.584
0.632
0.56
0.624
0.568
0.568
0.616
0.768
0.784
0.736
0.696
0.712
0.76
0.696
0.728
0.72
0.744
--------------0.584
0.568
0.568
0.632
0.592
0.664
0.656
0.576
0.616
0.632
0.576
0.656
0.6
0.6
0.592
0.656
0.6
0.544
0.624
0.616
0.832
0.752
0.816
0.816
0.824
0.808
0.848
0.84
0.816
0.824
0.56
0.576
0.552
0.552
0.592
0.592
0.512
0.576
0.552
0.576
0.616
0.672
0.656
0.632
0.616
0.712
0.656
0.672
0.672
0.72
0.6
0.592
0.56
0.616
0.616
0.6
0.584
0.616
0.624
0.608
0.776
0.768
0.744
0.824
0.808
0.8
0.8
0.832
0.808
0.8
0.752
0.672
0.68
0.736
0.624
0.704
0.704
0.752
0.672
0.728
0.56
0.632
0.608
0.592
0.592
0.544
0.608
0.536
0.568
0.6
0.736
0.776
0.696
0.696
0.728
0.776
0.672
0.76
0.728
0.752
--------------tensor(0.6238, dtype=torch.float64)
tensor(0.6802, dtype=torch.float64)
tensor(0.6675, dtype=torch.float64)
