0.688
0.672
0.68
0.68
0.616
0.736
0.672
0.64
0.68
0.624
0.696
0.704
0.64
0.68
0.656
0.68
0.6
0.632
0.672
0.704
0.736
0.736
0.768
0.728
0.728
0.8
0.76
0.656
0.76
0.784
0.72
0.736
0.744
0.776
0.792
0.76
0.76
0.84
0.816
0.744
0.728
0.672
0.68
0.72
0.744
0.736
0.72
0.688
0.72
0.728
0.696
0.664
0.744
0.656
0.664
0.664
0.6
0.744
0.72
0.704
0.672
0.648
0.696
0.672
0.688
0.584
0.64
0.688
0.68
0.656
0.784
0.744
0.768
0.848
0.856
0.8
0.752
0.736
0.864
0.704
0.728
0.752
0.792
0.76
0.792
0.768
0.752
0.736
0.728
0.704
0.68
0.648
0.704
0.704
0.696
0.664
0.72
0.8
0.752
0.704
--------------0.752
0.72
0.72
0.688
0.608
0.808
0.696
0.704
0.712
0.696
0.752
0.76
0.608
0.656
0.672
0.704
0.696
0.624
0.704
0.68
0.816
0.776
0.8
0.808
0.8
0.832
0.8
0.744
0.784
0.856
0.768
0.752
0.784
0.768
0.768
0.768
0.792
0.832
0.808
0.728
0.768
0.664
0.664
0.752
0.784
0.752
0.712
0.744
0.76
0.736
0.68
0.648
0.736
0.648
0.664
0.64
0.624
0.728
0.624
0.68
0.736
0.68
0.68
0.696
0.656
0.64
0.656
0.696
0.672
0.6
0.832
0.824
0.888
0.848
0.88
0.824
0.816
0.752
0.928
0.776
0.672
0.688
0.736
0.744
0.744
0.728
0.752
0.736
0.688
0.736
0.68
0.664
0.68
0.72
0.664
0.656
0.728
0.688
0.712
0.68
--------------0.712
0.704
0.688
0.688
0.632
0.76
0.688
0.664
0.704
0.656
0.768
0.752
0.632
0.688
0.688
0.728
0.696
0.672
0.696
0.696
0.776
0.776
0.824
0.776
0.816
0.8
0.792
0.728
0.792
0.824
0.736
0.76
0.728
0.8
0.784
0.768
0.776
0.864
0.816
0.752
0.776
0.696
0.704
0.768
0.776
0.76
0.72
0.76
0.728
0.768
0.664
0.632
0.688
0.648
0.68
0.632
0.608
0.736
0.624
0.664
0.672
0.64
0.696
0.68
0.672
0.624
0.64
0.696
0.688
0.616
0.848
0.808
0.832
0.864
0.888
0.816
0.784
0.752
0.904
0.776
0.704
0.728
0.776
0.736
0.744
0.736
0.744
0.696
0.72
0.744
0.688
0.68
0.672
0.696
0.688
0.728
0.744
0.728
0.752
0.736
--------------tensor(0.7155, dtype=torch.float64)
tensor(0.7293, dtype=torch.float64)
tensor(0.7297, dtype=torch.float64)
