0.768
0.816
0.784
0.808
0.728
0.744
0.744
0.768
0.792
0.776
0.728
0.768
0.8
0.776
0.712
0.672
0.752
0.84
0.736
0.752
0.784
0.84
0.8
0.76
0.888
0.776
0.816
0.784
0.832
0.824
0.896
0.808
0.704
0.768
0.736
0.808
0.832
0.816
0.8
0.752
0.784
0.704
0.792
0.768
0.784
0.832
0.856
0.84
0.768
0.824
0.744
0.744
0.688
0.744
0.744
0.728
0.792
0.768
0.64
0.752
0.752
0.784
0.8
0.784
0.744
0.776
0.792
0.768
0.808
0.784
0.872
0.832
0.816
0.816
0.8
0.8
0.88
0.824
0.784
0.84
0.808
0.736
0.824
0.792
0.752
0.848
0.816
0.8
0.864
0.824
0.864
0.888
0.872
0.832
0.832
0.888
0.896
0.912
0.832
0.856
--------------0.776
0.824
0.8
0.88
0.816
0.8
0.768
0.784
0.856
0.792
0.768
0.832
0.84
0.808
0.784
0.72
0.832
0.888
0.728
0.8
0.848
0.84
0.824
0.792
0.888
0.784
0.896
0.808
0.872
0.864
0.888
0.84
0.776
0.816
0.768
0.84
0.832
0.824
0.84
0.808
0.768
0.768
0.848
0.792
0.824
0.84
0.864
0.856
0.808
0.816
0.792
0.816
0.712
0.752
0.792
0.784
0.832
0.728
0.696
0.776
0.728
0.792
0.824
0.84
0.768
0.784
0.784
0.768
0.848
0.784
0.88
0.856
0.832
0.864
0.832
0.872
0.912
0.84
0.768
0.872
0.84
0.768
0.864
0.848
0.824
0.896
0.864
0.848
0.88
0.84
0.896
0.88
0.92
0.872
0.808
0.864
0.928
0.904
0.856
0.864
--------------0.752
0.8
0.824
0.856
0.76
0.776
0.728
0.776
0.808
0.792
0.784
0.808
0.848
0.808
0.76
0.72
0.792
0.896
0.76
0.816
0.8
0.856
0.816
0.768
0.896
0.784
0.856
0.792
0.848
0.84
0.896
0.832
0.768
0.8
0.744
0.84
0.848
0.816
0.832
0.784
0.8
0.752
0.832
0.8
0.808
0.784
0.856
0.856
0.776
0.832
0.784
0.808
0.704
0.752
0.768
0.76
0.848
0.76
0.704
0.768
0.76
0.776
0.816
0.832
0.768
0.768
0.776
0.752
0.832
0.784
0.888
0.872
0.832
0.848
0.832
0.872
0.912
0.856
0.8
0.864
0.832
0.784
0.848
0.808
0.768
0.864
0.808
0.832
0.84
0.872
0.872
0.856
0.88
0.832
0.84
0.88
0.904
0.904
0.84
0.856
--------------tensor(0.7938, dtype=torch.float64)
tensor(0.8232, dtype=torch.float64)
tensor(0.8139, dtype=torch.float64)
