0.752
0.664
0.672
0.688
0.656
0.704
0.64
0.712
0.664
0.696
0.72
0.696
0.696
0.744
0.752
0.688
0.72
0.72
0.776
0.712
0.816
0.8
0.768
0.872
0.792
0.856
0.856
0.8
0.84
0.736
0.672
0.656
0.744
0.616
0.744
0.624
0.632
0.688
0.688
0.624
0.784
0.784
0.744
0.8
0.824
0.84
0.76
0.84
0.792
0.784
0.696
0.664
0.688
0.672
0.728
0.68
0.712
0.632
0.616
0.696
0.784
0.672
0.76
0.76
0.768
0.72
0.752
0.736
0.752
0.728
0.624
0.584
0.64
0.624
0.64
0.632
0.64
0.544
0.616
0.616
0.808
0.848
0.808
0.816
0.792
0.8
0.784
0.808
0.768
0.816
0.832
0.752
0.76
0.768
0.808
0.848
0.872
0.824
0.816
0.84
--------------0.776
0.696
0.712
0.736
0.656
0.704
0.672
0.752
0.696
0.76
0.776
0.712
0.728
0.712
0.776
0.696
0.752
0.752
0.784
0.76
0.848
0.824
0.808
0.864
0.792
0.848
0.832
0.8
0.872
0.784
0.744
0.712
0.8
0.648
0.792
0.68
0.672
0.728
0.664
0.728
0.736
0.792
0.752
0.784
0.832
0.8
0.76
0.816
0.776
0.8
0.704
0.64
0.72
0.68
0.744
0.688
0.704
0.672
0.632
0.736
0.776
0.688
0.768
0.84
0.784
0.768
0.768
0.76
0.752
0.768
0.672
0.592
0.696
0.672
0.656
0.632
0.712
0.624
0.624
0.648
0.808
0.816
0.824
0.792
0.8
0.808
0.784
0.832
0.8
0.832
0.896
0.776
0.792
0.784
0.824
0.864
0.856
0.84
0.824
0.872
--------------0.768
0.712
0.712
0.728
0.656
0.736
0.664
0.712
0.712
0.744
0.784
0.696
0.696
0.768
0.752
0.68
0.752
0.744
0.776
0.752
0.84
0.824
0.768
0.896
0.816
0.84
0.848
0.768
0.864
0.776
0.736
0.704
0.832
0.632
0.792
0.656
0.712
0.712
0.712
0.688
0.76
0.8
0.728
0.784
0.824
0.824
0.784
0.848
0.784
0.784
0.68
0.664
0.712
0.672
0.736
0.696
0.72
0.632
0.608
0.704
0.768
0.656
0.744
0.784
0.784
0.696
0.776
0.712
0.728
0.736
0.632
0.624
0.656
0.656
0.664
0.624
0.696
0.6
0.592
0.64
0.824
0.864
0.856
0.824
0.824
0.808
0.8
0.864
0.832
0.84
0.888
0.792
0.8
0.776
0.84
0.848
0.832
0.856
0.848
0.864
--------------tensor(0.7339, dtype=torch.float64)
tensor(0.7544, dtype=torch.float64)
tensor(0.7515, dtype=torch.float64)
