0.616
0.656
0.688
0.688
0.688
0.688
0.68
0.656
0.6
0.712
0.688
0.656
0.736
0.64
0.68
0.72
0.672
0.64
0.76
0.672
0.656
0.512
0.624
0.552
0.592
0.624
0.576
0.616
0.552
0.56
0.568
0.672
0.632
0.56
0.584
0.584
0.6
0.68
0.656
0.616
0.672
0.728
0.704
0.752
0.688
0.656
0.712
0.688
0.712
0.616
0.696
0.704
0.592
0.72
0.688
0.624
0.672
0.704
0.696
0.608
0.632
0.616
0.56
0.632
0.6
0.6
0.552
0.592
0.6
0.656
0.696
0.576
0.672
0.704
0.592
0.768
0.656
0.64
0.672
0.584
0.568
0.688
0.664
0.632
0.672
0.64
0.704
0.728
0.64
0.68
0.656
0.688
0.688
0.624
0.632
0.776
0.624
0.584
0.672
0.664
--------------0.608
0.68
0.696
0.712
0.736
0.704
0.696
0.688
0.648
0.712
0.736
0.64
0.792
0.712
0.736
0.776
0.712
0.688
0.792
0.696
0.68
0.656
0.68
0.616
0.688
0.744
0.624
0.632
0.576
0.6
0.632
0.752
0.696
0.656
0.656
0.696
0.648
0.712
0.72
0.68
0.648
0.736
0.688
0.744
0.712
0.712
0.72
0.712
0.736
0.624
0.76
0.72
0.72
0.816
0.784
0.76
0.76
0.784
0.752
0.752
0.664
0.616
0.568
0.68
0.584
0.688
0.624
0.616
0.656
0.728
0.704
0.656
0.68
0.664
0.664
0.8
0.664
0.664
0.648
0.624
0.688
0.76
0.752
0.72
0.736
0.648
0.76
0.792
0.704
0.76
0.664
0.72
0.728
0.624
0.648
0.728
0.672
0.632
0.688
0.696
--------------0.624
0.688
0.696
0.696
0.688
0.696
0.696
0.632
0.584
0.72
0.72
0.656
0.752
0.688
0.72
0.768
0.728
0.664
0.8
0.712
0.712
0.56
0.656
0.6
0.648
0.704
0.64
0.632
0.568
0.6
0.584
0.696
0.696
0.664
0.648
0.696
0.64
0.728
0.712
0.64
0.648
0.704
0.688
0.752
0.696
0.696
0.688
0.672
0.688
0.624
0.744
0.72
0.688
0.784
0.76
0.72
0.712
0.728
0.744
0.72
0.68
0.632
0.608
0.672
0.616
0.656
0.584
0.664
0.664
0.752
0.736
0.616
0.656
0.704
0.672
0.784
0.696
0.648
0.672
0.648
0.624
0.752
0.712
0.664
0.72
0.68
0.72
0.744
0.672
0.784
0.656
0.752
0.704
0.6
0.632
0.736
0.672
0.592
0.672
0.688
--------------tensor(0.6501, dtype=torch.float64)
tensor(0.6946, dtype=torch.float64)
tensor(0.6826, dtype=torch.float64)
