0.68
0.712
0.688
0.68
0.68
0.656
0.656
0.696
0.68
0.672
0.792
0.776
0.8
0.8
0.792
0.776
0.72
0.752
0.784
0.8
0.84
0.824
0.832
0.856
0.824
0.816
0.84
0.848
0.824
0.832
0.664
0.704
0.68
0.736
0.704
0.672
0.712
0.728
0.728
0.68
0.68
0.704
0.72
0.632
0.696
0.648
0.648
0.68
0.648
0.712
0.84
0.832
0.872
0.856
0.848
0.856
0.896
0.88
0.808
0.856
0.48
0.576
0.56
0.504
0.584
0.528
0.504
0.512
0.536
0.52
0.968
0.976
0.976
0.984
0.952
0.96
0.984
0.968
0.968
0.96
0.776
0.784
0.768
0.76
0.752
0.776
0.776
0.784
0.8
0.824
0.936
0.912
0.968
0.96
0.92
0.88
0.936
0.984
0.912
0.928
--------------0.736
0.776
0.76
0.744
0.8
0.72
0.728
0.768
0.736
0.744
0.84
0.816
0.848
0.816
0.824
0.816
0.76
0.824
0.848
0.864
0.792
0.784
0.784
0.792
0.784
0.784
0.784
0.784
0.776
0.76
0.712
0.728
0.72
0.76
0.736
0.728
0.752
0.744
0.752
0.72
0.752
0.76
0.776
0.728
0.744
0.744
0.72
0.736
0.72
0.728
0.888
0.928
0.944
0.904
0.928
0.888
0.936
0.88
0.896
0.904
0.6
0.632
0.608
0.52
0.64
0.608
0.568
0.576
0.592
0.6
0.968
0.968
0.968
0.984
0.952
0.952
0.976
0.952
0.944
0.952
0.776
0.792
0.784
0.744
0.792
0.792
0.784
0.808
0.824
0.84
0.952
0.928
0.976
0.968
0.944
0.912
0.96
0.984
0.952
0.952
--------------0.752
0.808
0.776
0.736
0.8
0.72
0.728
0.776
0.76
0.776
0.816
0.784
0.8
0.8
0.8
0.776
0.736
0.76
0.8
0.8
0.792
0.784
0.784
0.792
0.784
0.784
0.784
0.784
0.776
0.76
0.744
0.752
0.72
0.776
0.76
0.736
0.752
0.752
0.76
0.728
0.728
0.776
0.744
0.712
0.752
0.744
0.728
0.712
0.712
0.744
0.928
0.912
0.928
0.904
0.936
0.904
0.904
0.864
0.896
0.888
0.568
0.624
0.64
0.528
0.64
0.576
0.56
0.56
0.576
0.568
0.952
0.952
0.976
0.96
0.944
0.952
0.984
0.968
0.96
0.96
0.776
0.792
0.784
0.744
0.792
0.792
0.784
0.808
0.824
0.84
0.936
0.912
0.968
0.96
0.92
0.88
0.936
0.984
0.912
0.928
--------------tensor(0.7738, dtype=torch.float64)
tensor(0.8047, dtype=torch.float64)
tensor(0.7994, dtype=torch.float64)
