0.912
0.92
0.928
0.968
0.944
0.944
0.912
0.92
0.936
0.912
0.752
0.824
0.8
0.768
0.808
0.792
0.816
0.832
0.816
0.784
0.904
0.944
0.944
0.928
0.904
0.96
0.856
0.896
0.904
0.888
0.984
0.944
0.952
0.928
0.984
0.952
0.952
0.952
0.968
0.952
0.784
0.872
0.832
0.832
0.832
0.816
0.824
0.84
0.832
0.856
0.88
0.848
0.856
0.888
0.856
0.872
0.856
0.88
0.88
0.888
0.952
0.96
0.936
0.936
0.968
0.944
0.912
0.968
0.904
0.952
0.976
1.0
0.976
0.976
0.984
0.984
0.984
0.984
0.984
0.984
0.896
0.904
0.904
0.944
0.896
0.88
0.92
0.936
0.896
0.944
0.904
0.88
0.888
0.84
0.904
0.92
0.904
0.88
0.88
0.888
--------------0.984
0.952
0.968
1.0
0.992
0.976
0.968
0.984
0.976
0.968
0.76
0.848
0.808
0.808
0.816
0.84
0.824
0.864
0.84
0.808
1.0
0.992
0.984
0.984
0.984
1.0
0.984
0.976
1.0
0.992
0.952
0.936
0.92
0.904
0.984
0.952
0.968
0.944
0.976
0.936
0.808
0.88
0.848
0.84
0.84
0.824
0.832
0.816
0.84
0.864
0.976
0.976
0.944
0.968
0.96
0.96
0.968
0.96
0.96
0.96
0.984
0.984
0.984
0.944
0.992
0.976
0.952
0.992
0.936
0.968
0.976
1.0
0.976
0.976
0.984
0.984
0.984
0.984
0.984
0.984
0.96
0.96
0.968
0.992
0.96
0.944
0.944
0.984
0.944
0.968
0.968
0.952
0.968
0.984
0.952
0.976
0.984
0.976
0.976
0.984
--------------0.92
0.928
0.92
0.936
0.936
0.944
0.928
0.896
0.936
0.92
0.744
0.864
0.808
0.824
0.808
0.824
0.864
0.84
0.88
0.808
0.976
0.976
0.984
0.96
0.928
0.976
0.912
0.936
0.928
0.936
0.984
0.944
0.952
0.928
0.984
0.952
0.952
0.952
0.968
0.952
0.84
0.904
0.84
0.856
0.856
0.816
0.848
0.84
0.848
0.872
0.976
0.976
0.944
0.968
0.96
0.96
0.968
0.96
0.96
0.96
0.96
0.96
0.944
0.96
0.968
0.96
0.944
0.968
0.936
0.96
0.976
1.0
0.976
0.976
0.984
0.984
0.984
0.984
0.984
0.984
0.904
0.92
0.928
0.968
0.912
0.904
0.92
0.976
0.896
0.952
0.936
0.936
0.912
0.928
0.92
0.936
0.952
0.944
0.936
0.968
--------------tensor(0.9028, dtype=torch.float64)
tensor(0.9426, dtype=torch.float64)
tensor(0.9280, dtype=torch.float64)
