0.84
0.872
0.88
0.92
0.816
0.816
0.864
0.888
0.912
0.896
0.856
0.784
0.76
0.816
0.904
0.808
0.856
0.832
0.864
0.8
0.832
0.8
0.8
0.8
0.8
0.856
0.888
0.776
0.872
0.808
0.8
0.808
0.776
0.816
0.792
0.808
0.8
0.832
0.832
0.76
0.72
0.816
0.8
0.816
0.776
0.752
0.864
0.792
0.776
0.84
--------------0.848
0.864
0.864
0.88
0.816
0.8
0.856
0.864
0.928
0.904
0.816
0.776
0.808
0.824
0.88
0.832
0.84
0.816
0.848
0.808
0.888
0.848
0.856
0.856
0.8
0.896
0.848
0.832
0.912
0.84
0.816
0.832
0.768
0.84
0.808
0.8
0.848
0.84
0.824
0.76
0.808
0.832
0.848
0.816
0.816
0.776
0.848
0.8
0.8
0.84
--------------0.856
0.856
0.888
0.912
0.84
0.816
0.832
0.888
0.896
0.888
0.864
0.752
0.792
0.816
0.888
0.832
0.816
0.864
0.864
0.824
0.872
0.88
0.84
0.848
0.808
0.888
0.872
0.832
0.896
0.84
0.832
0.824
0.808
0.832
0.784
0.792
0.832
0.856
0.856
0.768
0.776
0.816
0.84
0.832
0.816
0.8
0.864
0.832
0.816
0.816
--------------tensor(0.8238, dtype=torch.float64)
tensor(0.8354, dtype=torch.float64)
tensor(0.8390, dtype=torch.float64)
