0.752
0.696
0.664
0.632
0.712
0.688
0.68
0.632
0.696
0.64
0.76
0.8
0.824
0.784
0.8
0.784
0.832
0.864
0.856
0.84
0.704
0.664
0.752
0.744
0.696
0.656
0.72
0.752
0.68
0.704
0.64
0.768
0.704
0.744
0.68
0.656
0.64
0.736
0.704
0.688
0.68
0.68
0.648
0.704
0.672
0.672
0.68
0.712
0.68
0.696
--------------0.76
0.752
0.712
0.688
0.728
0.72
0.688
0.68
0.72
0.68
0.784
0.84
0.824
0.8
0.808
0.8
0.824
0.864
0.856
0.88
0.736
0.688
0.72
0.712
0.728
0.672
0.688
0.72
0.664
0.696
0.68
0.704
0.672
0.72
0.664
0.624
0.64
0.68
0.68
0.696
0.712
0.704
0.664
0.728
0.696
0.664
0.68
0.72
0.656
0.704
--------------0.768
0.736
0.704
0.728
0.72
0.712
0.72
0.696
0.728
0.696
0.8
0.816
0.848
0.808
0.808
0.8
0.848
0.872
0.88
0.856
0.72
0.688
0.704
0.712
0.704
0.656
0.72
0.736
0.664
0.72
0.664
0.704
0.688
0.728
0.648
0.64
0.64
0.712
0.68
0.672
0.688
0.696
0.656
0.728
0.664
0.672
0.688
0.704
0.656
0.704
--------------tensor(0.7158, dtype=torch.float64)
tensor(0.7224, dtype=torch.float64)
tensor(0.7240, dtype=torch.float64)
