0.848
0.816
0.816
0.84
0.744
0.768
0.84
0.832
0.784
0.848
0.856
0.808
0.776
0.832
0.8
0.864
0.856
0.832
0.832
0.808
0.768
0.76
0.784
0.728
0.768
0.768
0.84
0.76
0.776
0.784
0.688
0.776
0.744
0.776
0.736
0.632
0.752
0.792
0.752
0.696
0.704
0.72
0.72
0.704
0.744
0.704
0.76
0.76
0.68
0.752
--------------0.824
0.776
0.792
0.8
0.752
0.816
0.808
0.792
0.8
0.816
0.88
0.832
0.8
0.856
0.8
0.84
0.888
0.848
0.816
0.848
0.784
0.808
0.816
0.72
0.816
0.8
0.888
0.8
0.768
0.824
0.712
0.84
0.768
0.856
0.776
0.72
0.8
0.824
0.816
0.768
0.696
0.768
0.736
0.744
0.768
0.704
0.752
0.768
0.736
0.76
--------------0.84
0.8
0.832
0.824
0.72
0.808
0.824
0.792
0.808
0.816
0.848
0.808
0.792
0.84
0.808
0.848
0.88
0.816
0.816
0.816
0.792
0.8
0.832
0.776
0.792
0.8
0.888
0.792
0.816
0.816
0.72
0.808
0.792
0.84
0.752
0.712
0.784
0.816
0.792
0.76
0.704
0.752
0.744
0.744
0.76
0.728
0.776
0.744
0.704
0.76
--------------tensor(0.7746, dtype=torch.float64)
tensor(0.7944, dtype=torch.float64)
tensor(0.7926, dtype=torch.float64)
