0.784
0.848
0.8
0.864
0.744
0.8
0.824
0.72
0.784
0.792
0.752
0.792
0.744
0.752
0.776
0.704
0.752
0.744
0.744
0.832
0.792
0.712
0.832
0.752
0.84
0.776
0.808
0.848
0.792
0.776
0.904
0.816
0.904
0.808
0.856
0.888
0.896
0.88
0.904
0.912
0.792
0.768
0.712
0.776
0.784
0.76
0.8
0.776
0.8
0.8
0.768
0.768
0.784
0.816
0.792
0.816
0.8
0.696
0.784
0.784
0.872
0.84
0.904
0.864
0.8
0.824
0.872
0.904
0.872
0.856
0.808
0.848
0.816
0.848
0.768
0.896
0.832
0.8
0.808
0.864
0.856
0.872
0.928
0.888
0.88
0.856
0.904
0.936
0.904
0.848
0.84
0.832
0.8
0.84
0.872
0.864
0.792
0.8
0.824
0.832
--------------0.824
0.848
0.808
0.872
0.784
0.832
0.808
0.768
0.792
0.816
0.792
0.792
0.824
0.808
0.776
0.744
0.744
0.752
0.752
0.832
0.824
0.784
0.856
0.768
0.856
0.816
0.84
0.872
0.872
0.848
0.888
0.84
0.864
0.84
0.896
0.848
0.88
0.848
0.904
0.888
0.808
0.808
0.792
0.784
0.792
0.76
0.832
0.744
0.84
0.856
0.824
0.92
0.872
0.856
0.856
0.816
0.872
0.792
0.88
0.816
0.88
0.872
0.936
0.896
0.856
0.888
0.88
0.888
0.864
0.872
0.8
0.864
0.824
0.856
0.808
0.896
0.856
0.8
0.8
0.88
0.888
0.872
0.928
0.888
0.872
0.888
0.912
0.944
0.944
0.928
0.816
0.824
0.824
0.864
0.84
0.856
0.776
0.792
0.824
0.832
--------------0.816
0.84
0.8
0.84
0.768
0.8
0.824
0.776
0.776
0.792
0.8
0.792
0.76
0.76
0.776
0.712
0.784
0.752
0.76
0.808
0.8
0.744
0.864
0.768
0.872
0.832
0.848
0.872
0.84
0.816
0.856
0.824
0.888
0.848
0.864
0.872
0.888
0.856
0.888
0.912
0.832
0.776
0.752
0.816
0.792
0.776
0.832
0.736
0.808
0.856
0.816
0.904
0.84
0.872
0.856
0.832
0.848
0.76
0.856
0.808
0.856
0.864
0.92
0.888
0.848
0.872
0.88
0.888
0.872
0.888
0.816
0.864
0.816
0.856
0.784
0.888
0.856
0.808
0.816
0.88
0.888
0.872
0.92
0.92
0.904
0.896
0.912
0.952
0.936
0.88
0.856
0.84
0.824
0.856
0.856
0.872
0.816
0.808
0.848
0.816
--------------tensor(0.8189, dtype=torch.float64)
tensor(0.8405, dtype=torch.float64)
tensor(0.8369, dtype=torch.float64)
